	1	2	3	4	5	6	7	8	9	10	11	12	13	14	15	16	17	18	19	20	21	22	23	24	25	26	27	28	29	30	31	32	33	34	35	36	37	38	39	40	41	42	43	44	45	46	47	48	49	50	51	52	53	54	55	56	57	58	59	60	61	62	63	64	65	66	67	68	69	70	71	72	73	74	75	76	77	78	79	80	81	82	83	84	85	86	87	88	89	90	91	92	93	94	95	96	97	98	99	100	101	102	103	104	105	106	107	108	109	110	111	112	113	114	115	116	117	118	119	120	121	122	123	124	125	126	127	128	129	130	131	132	133	134	135	136	137	138	139	140	141	142	143	144	145	146	147	148	149	150	151	152	153	154	155	156	157	158	159	160	161	162	163	164	165	166	167	168	169	170	171	172	173	174	175	176	177	178	179	180	181	182	183	184	185	186	187	188	189	190	191	192	193	194	195	196	197	198	199	200	201	202	203	204	205	206	207	208	209	210	211	212	213	214	215	216
1	0	-0.03046	-0.020251	-0.008689	-0.04018	-0.021853	-0.0026612	0.06434	-0.021374	-0.0082248	-0.001681	-0.047957	-0.041998	0.020475	-0.014771	-0.037721	-0.002786	0.04095	0.0045512	-0.035148	0.096661	-0.014513	-0.025717	-0.0043616	-0.034015	-0.010753	-0.013138	0.020519	-0.027936	-0.020219	-0.0025582	-0.0084265	0.002469	0.023439	-0.0041352	-0.021239	-0.014492	-0.0025954	-0.0018738	-0.02963	-0.014593	0.01641	-0.027947	-0.017967	0.056597	-0.015438	-0.029207	-0.046299	0.016198	-0.0069103	0.053687	-0.017878	0.030573	0.011686	0.17574	0.010661	0.0036672	0.06539	-0.021459	-0.024658	-0.028875	0.041356	-0.034197	0.0091982	-0.012152	-0.014912	-0.017573	-0.034474	0.020393	-0.0057583	0.0041528	0.014639	-0.0068425	0.052709	0.038189	0.000064445	-0.024074	-0.024897	-0.032956	-0.026081	-0.053429	0.0073211	0.020554	-0.039182	-0.04624	-0.019311	-0.00726	-0.0055371	-0.030715	-0.02835	0.052226	-0.031572	-0.0067492	-0.015438	-0.027673	-0.03686	-0.013629	-0.013414	0.023071	-0.0025688	-0.016373	-0.00075503	-0.041642	-0.025704	-0.039719	0.019416	-0.016693	0.0734	-0.017131	0.0029975	-0.0049323	0.0033184	-0.017063	-0.0057527	0.045731	0.0033242	-0.038456	0.0046991	-0.017965	-0.019125	-0.021902	-0.030793	-0.026813	-0.010296	-0.017948	-0.00095549	-0.008979	0.026919	0.027589	-0.021362	-0.003575	0.045188	-0.043	-0.0043766	0.045339	-0.073092	0.0055547	-0.015044	0.013985	0.013321	-0.024712	-0.019968	0.027857	-0.0029016	-0.017528	-0.013472	-0.013472	-0.00535	-0.014958	-0.019677	-0.0026445	-0.00033904	0.010558	0.0094949	-0.026625	-0.025198	0.04264	-0.022086	0.018366	-0.032339	-0.059231	0.0082761	-0.0057488	-0.033564	0.001661	-0.024997	-0.020008	-0.060912	0.023081	0.052578	-0.0058275	0.047402	0.034931	-0.01093	0.036961	0.0011565	-0.0030933	-0.028203	-0.013337	-0.0036655	0.013865	-0.014535	-0.0040736	-0.0141	0.055074	-0.014228	-0.021028	-0.019217	0.0069004	-0.018279	0.0071176	0.024857	0.006812	0.0034284	0.026128	0.022859	0.0090279	0.10858	0.0020441	-0.014777	0.070896	-0.034372	-0.025851	-0.0064233	-0.018307	-0.033255	-0.014949	-0.024658	0.010858	0.10754	-0.0038951	0.038888	0.10677	0.0019033	-0.024868	-0.029657
2	-0.03046	0	0.0050523	-0.032447	0.019714	-0.038461	-0.025123	-0.02042	-0.033322	-0.066602	-0.0049304	-0.043648	-0.020162	-0.020891	0.043265	-0.037833	-0.017936	-0.053818	-0.024282	-0.027157	-0.073882	-0.015162	-0.018089	-0.004034	0.0014215	-0.071203	0.0037055	-0.026843	-0.043485	0.010346	0.0035895	0.0025787	0.01286	0.029503	0.017404	-0.0022431	0.020184	0.026678	-0.0079756	0.0039513	-0.016952	-0.023738	-0.022591	-0.001495	0.093299	-0.018635	-0.011229	-0.0037939	-0.01675	-0.023665	-0.018146	-0.039692	-0.0097884	0.01041	-0.013865	-0.004675	0.015866	0.011425	-0.027615	0.035152	-0.0079659	0.0022289	-0.026096	-0.013015	-0.015338	-0.031479	0.0021913	-0.0036232	-0.01422	-0.0207	-0.0011342	0.014709	-0.023545	-0.032311	-0.046319	-0.042896	-0.011428	-0.006373	-0.03151	0.019892	-0.033733	-0.0033114	0.0041227	0.00036439	0.0079049	-0.0094643	-0.018404	0.00096758	-0.024471	-0.0064146	-0.0082661	-0.014168	0.0043747	0.023643	-0.016186	0.0098487	-0.015472	0.022817	0.0036351	-0.0073366	0.009727	0.025064	-0.022529	-0.020184	-0.0078648	-0.016186	0.0099706	-0.052528	-0.010259	0.016142	-0.027184	-0.01246	-0.056315	0.014899	-0.052515	0.062349	0.0016798	-0.060719	-0.017584	-0.018983	-0.024212	-0.0029815	-0.020634	-0.02459	0.0014507	-0.0068255	-0.018842	0.010458	-0.018508	-0.0094654	0.0071161	-0.041937	-0.01186	-0.010305	-0.0046375	0.0058825	-0.036198	-0.002333	-0.0054967	0.019918	-0.012476	-0.001136	0.0025539	0.005877	0.018033	0.01221	0.0032904	-0.0059618	-0.025405	-0.040947	-0.010842	-0.050511	-0.0082301	0.019764	-0.0086246	-0.045624	-0.033711	-0.02182	0.0011503	-0.031043	0.03919	-0.051215	-0.023657	0.0032019	-0.019172	0.0091114	-0.022851	0.01452	-0.02449	0.031509	-0.028886	0.016638	-0.042943	-0.023835	-0.026961	0.026402	-0.039354	0.011878	0.011117	-0.0015062	-0.002589	0.021736	-0.033082	-0.028608	0.066541	-0.041345	0.014011	-0.010721	-0.0075877	-0.077975	0.015033	0.012498	0.03412	0.00149	-0.039636	-0.0040141	-0.028353	-0.018054	0.086097	0.0073141	-0.069056	0.059912	0.0033062	0.00087053	-0.014696	-0.0030434	0.0077445	-0.0090799	0.0079344	-0.063779	-0.0043212	0.0072972	-0.069925	-0.013497	0.012461	-0.00083883
3	-0.020251	0.0050523	0	-0.042476	-0.027595	-0.077461	-0.028436	0.078073	-0.012869	-0.035458	0.028998	-0.070164	-0.062964	0.049038	0.014525	-0.034063	-0.00047146	0.055127	0.021197	-0.029358	0.13905	-0.047703	-0.022463	-0.010425	-0.061006	-0.0025531	0.0088038	0.033757	-0.062254	-0.02868	-0.0020834	-0.058035	0.057018	0.074944	0.0058593	-0.045036	-0.013024	-0.047659	0.01124	-0.033205	-0.044087	0.014811	0.0049527	-0.021867	0.084387	-0.060892	-0.057854	-0.073957	0.0092313	0.00703	0.045551	-0.03739	0.042112	-0.010363	0.26719	-0.013197	-0.000055248	0.1277	-0.027034	-0.020868	-0.070376	0.057208	-0.085207	0.011719	-0.057324	-0.022929	-0.017296	-0.060441	0.030757	-0.024134	-0.0063173	-0.0095395	-0.0070344	0.069988	0.048502	-0.028439	-0.067872	-0.058229	-0.066257	-0.0059471	-0.043896	-0.0051799	0.0081877	-0.064115	-0.069609	-0.04989	-0.017102	-0.019026	-0.057004	-0.045468	-0.0437	-0.010473	-0.0080448	-0.030603	-0.028168	-0.068759	-0.039375	-0.05793	0.046384	0.020042	0.031098	-0.0075341	-0.079468	-0.054763	-0.081704	0.038307	-0.034553	0.091504	-0.02476	0.013967	-0.029809	0.004396	-0.027179	-0.050458	0.065843	0.085165	-0.049421	0.0047193	-0.025001	-0.031678	-0.060141	-0.10137	-0.037965	-0.062064	-0.0029366	-0.040947	-0.027524	0.047105	0.057576	-0.075146	0.012452	0.056091	-0.064114	-0.020774	0.059111	-0.085646	-0.012535	-0.04067	0.0026812	-0.029694	-0.066104	-0.037179	0.011141	0.017898	-0.041238	-0.024421	-0.031959	-0.025817	-0.018651	0.011479	-0.037192	-0.04696	0.045887	0.00021944	-0.015182	-0.073483	0.012998	-0.048472	0.00098977	-0.046191	-0.032218	-0.061713	-0.017763	-0.078846	0.012938	-0.036947	-0.049914	-0.044748	-0.037684	0.084373	-0.06047	0.093473	-0.012413	-0.013108	0.035407	0.0033595	-0.020826	-0.036323	-0.016056	-0.018246	0.013777	-0.003916	0.042732	-0.086855	0.031306	-0.070153	-0.047381	-0.018351	0.020901	-0.087584	0.00096342	0.070966	-0.0064471	-0.0086885	0.040961	0.052628	-0.0080554	0.092032	0.090248	-0.0053303	0.073628	0.0024673	-0.064057	-0.041379	-0.059596	-0.081694	-0.025024	-0.06922	-0.0012536	0.1635	0.023101	0.046248	0.068417	-0.0059289	-0.064672	-0.04623
4	-0.008689	-0.032447	-0.042476	0	-0.12753	-0.051491	-0.058113	0.013744	-0.070216	0.014928	0.01516	0.017815	-0.088799	0.035653	-0.060131	-0.021713	-0.013828	-0.073003	-0.10352	0.0036997	0.024859	-0.068659	-0.056909	-0.065513	-0.053094	0.001252	-0.039827	-0.059522	-0.017071	-0.093409	-0.096064	-0.01778	-0.18769	-0.084678	0.0059718	0.009113	-0.099309	-0.0056873	-0.026793	0.013614	-0.069928	0.02412	-0.034719	-0.021899	-0.04217	-0.027361	-0.053254	-0.10341	-0.033126	-0.072348	0.048633	-0.11505	0.0022588	-0.074681	-0.098567	-0.01697	-0.050574	-0.093848	-0.10006	-0.11559	-0.035693	0.0042848	-0.083909	-0.030414	-0.061498	0.021075	-0.028996	-0.088689	-0.098611	0.000033383	-0.031045	-0.097772	-0.082177	-0.045885	0.069005	-0.020969	0.016861	-0.073336	-0.035452	-0.082869	-0.10493	-0.015747	0.060474	-0.059356	0.011148	-0.070332	0.0081787	0.048751	-0.053362	-0.046109	0.012934	-0.11776	-0.03391	-0.026327	-0.070363	-0.078288	0.015208	-0.018296	-0.025412	0.033229	-0.030863	-0.067286	-0.055061	-0.069932	-0.10897	-0.11991	-0.033589	0.044085	-0.068356	0.0077467	0.013935	-0.036663	-0.13156	-0.051695	-0.15464	-0.021048	-0.081762	-0.02774	-0.098415	-0.076698	-0.038153	0.0085476	-0.065987	-0.032705	-0.037509	-0.060665	-0.0031113	-0.1788	0.075457	-0.061709	-0.07102	-0.042454	-0.060245	-0.071876	0.048241	-0.12447	0.10257	-0.013274	-0.057519	-0.043791	-0.052839	-0.028357	0.0086673	-0.0036962	-0.057517	-0.076105	-0.05636	-0.067305	-0.077163	-0.12975	-0.068684	0.044771	-0.057	0.012102	-0.10926	-0.070047	0.082356	-0.034738	-0.048945	-0.010314	-0.063939	-0.025942	-0.022981	-0.061588	-0.022445	-0.089683	-0.059183	-0.069118	0.052569	-0.031567	-0.045222	-0.071861	-0.03309	-0.10409	-0.0056747	-0.13033	-0.025616	-0.038467	-0.046117	-0.032743	0.036047	0.014907	-0.050423	-0.044782	-0.044475	-0.0071913	-0.063074	-0.1192	0.0068473	0.090227	-0.030583	-0.018313	0.013755	-0.034642	0.010125	0.016072	-0.019133	0.046571	0.0035499	-0.03969	0.0093287	-0.1089	-0.053674	-0.061257	-0.055737	-0.079671	-0.12938	-0.047096	-0.037687	-0.21534	-0.073012	0.020995	0.020929	-0.0096432	-0.08297	-0.053153
5	-0.04018	0.019714	-0.027595	-0.12753	0	0.0031194	-0.0095523	0.20284	-0.0099619	-0.009539	-0.023936	-0.052336	-0.017245	0.042775	-0.0089815	-0.042872	0.012555	0.069797	0.14568	-0.0033185	0.20572	-0.031279	-0.025938	-0.0020412	-0.026181	0.0071264	0.024663	0.084081	-0.0053289	-0.010891	0.018729	0.067536	0.069053	0.10056	0.032012	-0.053975	0.0060942	-0.02822	-0.022497	-0.067398	-0.018604	-0.0065273	0.000011054	-0.056615	0.058588	0.0010184	-0.022676	-0.04309	-0.0023706	-0.0090974	0.022639	-0.0087839	0.12338	0.0027502	0.33504	-0.003923	-0.013252	0.19618	-0.018967	-0.018557	-0.020667	0.026349	-0.022983	0.031816	-0.027134	0.0069201	-0.0026594	-0.018452	0.013888	0.050319	0.034935	0.066441	0.047696	0.12221	0.060589	0.0024182	-0.046658	-0.030342	-0.012324	0.018406	0.0037754	0.021947	-0.015159	-0.004648	-0.11761	-0.022703	-0.00066667	-0.017006	-0.02388	-0.016083	0.033603	0.040537	0.030756	-0.023002	-0.014963	-0.065338	-0.018423	-0.012584	0.073501	0.024224	0.014815	-0.0085539	-0.022106	-0.0013206	-0.030723	0.048836	-0.036635	0.17369	-0.0017519	0.015308	-0.0064009	-0.0019333	0.090662	0.0025379	0.11744	0.096735	-0.019712	0.046686	0.01579	-0.018982	-0.027384	-0.042474	-0.015545	-0.022361	-0.032317	-0.021229	0.0074168	0.11659	0.01907	-0.018903	0.0047424	0.047034	-0.047005	-0.016634	0.10018	-0.049148	-0.008772	-0.065532	0.049659	0.023695	-0.055906	0.01241	0.024837	-0.000064067	0.0018064	-0.0010239	-0.015243	0.016165	-0.0091481	0.10364	-0.025124	-0.028597	0.066515	-0.030354	0.044918	0.015267	-0.0063825	-0.016646	0.012781	-0.011553	-0.043965	0.022466	-0.011552	-0.020409	-0.0063315	0.0048207	-0.028128	-0.064685	-0.07487	0.066778	0.020549	0.075965	0.0072064	-0.015697	0.053387	0.0032804	0.045617	-0.015044	0.015683	-0.013343	-0.021269	-0.0087229	0.18402	0.00391	0.05639	-0.010074	-0.015493	-0.013967	0.027312	-0.047971	0.04888	0.022768	-0.070148	0.01123	0.046449	0.048838	0.014774	0.14307	0.020946	0.0086422	0.18595	0.018402	-0.021549	-0.027891	-0.019887	-0.0042399	0.003642	-0.020332	-0.040364	0.29404	0.019228	0.042309	0.10797	-0.0038063	-0.015299	-0.016528
6	-0.021853	-0.038461	-0.077461	-0.051491	0.0031194	0	0.0074124	0.12093	0.027613	-0.020614	-0.0077186	-0.021996	-0.00016368	0.048295	0.057126	-0.011312	0.011519	0.067103	-0.0034142	-0.034297	0.17478	-0.0042946	0.00069525	0.012879	-0.015206	-0.019409	0.0041732	0.075754	-0.010253	0.011698	0.035656	0.015487	0.019371	0.11764	0.014746	-0.054083	0.041301	-0.012697	0.0062545	-0.088909	0.0079952	-0.013602	-0.0061949	-0.027217	0.15427	-0.01724	-0.014685	-0.048308	0.020887	0.01986	0.069436	0.014357	0.074938	0.053257	0.35849	0.0044402	0.035124	0.14089	0.015273	0.031839	-0.0067336	0.036986	-0.018623	0.050222	0.011336	-0.010213	-0.022304	0.008391	0.051493	0.004938	0.0092536	-0.0030244	0.0065725	0.10109	0.050054	-0.0011206	-0.04598	-0.013408	-0.047331	0.01012	-0.062144	0.0315	-0.0090614	-0.00744	-0.10981	0.001773	-0.0034996	-0.022115	-0.00021498	-0.013799	0.010964	0.0035667	0.02109	-0.034509	0.0084644	-0.038823	-0.042276	-0.01424	0.063746	-0.0076572	0.0044514	0.031559	-0.0096931	-0.0040918	-0.0047386	0.072247	-0.013502	0.1028	0.031033	0.011792	-0.0079098	0.027793	0.029688	-0.0010558	0.13632	0.081875	0.040372	0.035692	0.012022	0.010493	-0.0062484	-0.068529	-0.0098762	-0.0077622	-0.047657	0.00049374	-0.0096108	0.15295	0.0048357	-0.0059019	0.012137	0.054079	-0.026736	-0.0073672	0.060919	-0.075466	-0.078861	-0.009492	0.050103	0.01737	-0.014872	0.037553	0.025649	0.011842	-0.0027606	0.055941	0.025774	0.030578	0.0048514	-0.0065563	0.0027332	-0.048164	0.10206	-0.013419	0.019995	-0.014163	-0.020683	0.0048976	0.021054	-0.039488	-0.032517	0.012225	-0.023602	-0.015551	0.025779	0.018964	-0.012379	-0.034167	-0.11256	0.12077	-0.0096886	0.14533	-0.021147	0.032785	0.03504	0.055614	0.036087	0.025769	0.018853	0.017034	0.01739	0.0011149	0.094588	-0.00019726	0.082472	-0.011866	0.015253	0.02324	0.049028	-0.090159	0.021089	0.063775	-0.0029236	0.020628	0.039067	0.053938	0.0077573	0.11548	0.04647	-0.011713	0.16178	0.048205	0.019501	-0.00072237	-0.0068608	-0.0099077	0.016056	-0.011914	0.0063941	0.29847	0.052373	0.069847	0.031772	0.026392	-0.0073743	0.0064821
7	-0.0026612	-0.025123	-0.028436	-0.058113	-0.0095523	0.0074124	0	0.12552	0.020506	0.0069396	0.0018717	0.0032072	-0.0049678	0.015782	0.010907	0.0043106	0.015094	0.02506	0.047295	0.0020081	0.14581	0.021051	0.0041275	0.0087301	-0.00015711	0.040391	0.0011868	0.06395	0.027973	0.0015341	0.013287	0.035389	-0.021585	0.032132	0.0099762	-0.014063	0.00727	0.014145	0.0082838	-0.031374	0.024539	-0.0104	-0.010752	-0.045244	0.0094652	-0.0015408	0.017703	-0.021661	-0.0090301	0.0039041	0.034865	0.033242	0.066745	0.016618	0.2057	0.0033926	0.02832	0.072438	0.013356	0.0088456	0.009256	0.0078671	-0.0091791	0.017161	0.016626	0.0070449	-0.011565	0.0098097	0.026193	0.020181	0.0043433	-0.0013918	-0.0039848	0.073337	0.060445	0.012108	0.0055255	0.0049114	-0.0021819	0.0093794	-0.020583	0.025119	0.00022632	-0.0022738	-0.039458	0.014641	0.016997	-0.0038073	0.0061243	0.013128	0.047371	0.0032168	0.023721	-0.010736	0.013376	-0.016926	0.015327	-0.0038688	0.030064	-0.029121	-0.0047164	0.022911	0.00015933	-0.00038043	-0.012476	0.033829	-0.0060075	0.13112	0.026108	-0.0070705	0.011629	0.026547	0.021982	-0.0019353	0.077691	0.031105	0.0056651	0.035618	0.021117	0.010993	0.0069519	0.0032424	-0.0034719	0.011674	-0.04937	0.0085815	0.014163	0.067178	0.00192	-0.003329	0.0022428	0.0098247	-0.035816	0.0015462	0.04741	-0.043503	0.01087	0.010037	0.025922	0.012156	0.0030921	0.029025	0.022377	0.0081056	-0.00080198	0.023583	0.015397	0.02732	0.015029	0.00028321	0.010019	-0.0060271	0.030029	-0.01642	-0.00030907	0.0038979	0.0048646	0.019137	0.014172	-0.021218	-0.058803	0.024652	-0.00654	0.0015537	0.015458	0.00073737	-0.0012848	-0.069957	-0.0017023	0.034882	0.024662	0.048649	-0.0070588	0.015725	0.040547	0.022075	0.036907	0.042689	0.011504	0.012875	0.018682	-0.010019	0.088978	0.011265	0.019403	0.025294	0.01076	0.018186	0.015849	-0.0018831	0.0022859	0.031956	-0.012599	0.0073753	0.054263	0.030604	0.0029874	0.11936	-0.015263	-0.034583	0.14461	-0.0058482	0.016717	0.016515	-0.0015135	-0.010443	-0.010468	-0.00021901	0.00578	0.11456	0.016766	0.051682	0.075773	0.034959	-0.01034	0.0089764
8	0.06434	-0.02042	0.078073	0.013744	0.20284	0.12093	0.12552	0	0.1195	0.048395	-0.006548	0.12108	0.15791	-0.042841	0.12491	0.078162	0.035327	0.10471	0.12339	-0.014439	0.029696	0.15596	0.094446	0.11514	0.16512	0.060017	0.02543	0.12219	0.10329	0.14496	0.17057	0.12241	0.21402	0.051028	-0.01236	0.036914	0.15164	0.091369	0.082024	-0.019011	0.15265	-0.050908	-0.0047703	0.017809	0.16104	0.038899	0.12423	0.11581	0.0041151	0.095628	0.055804	0.17529	0.01198	0.14099	0.028467	0.040784	0.1329	-0.025101	0.16178	0.18287	0.11287	-0.012794	0.14217	0.091539	0.16381	-0.0067676	0.025652	0.1455	0.1526	0.018616	0.035951	0.15547	0.071521	0.12513	-0.097055	0.074715	0.0721	0.13885	0.096717	0.13337	0.10908	0.084855	-0.076849	0.10565	0.071493	0.15668	0.04231	-0.055762	0.10377	0.12958	0.07423	0.10331	0.12068	0.05679	0.12227	0.15167	0.044327	0.063738	0.020553	-0.13565	-0.00021245	0.14162	0.13102	0.14389	0.16114	0.16543	0.088762	0.018972	0.15222	-0.019136	0.040578	0.10497	0.093252	0.11169	0.14784	-0.062228	0.13231	0.09958	0.14731	0.12749	0.11637	0.068799	0.068452	0.10947	-0.037952	0.13049	0.032907	0.22302	-0.11899	0.12757	0.072987	-0.010505	0.11866	0.081332	-0.033177	0.14314	-0.10316	0.14775	0.07614	0.10601	0.16545	0.14846	0.02426	0.014191	0.062293	0.12953	0.12213	0.13956	0.14412	0.059285	0.13919	-0.032967	-0.031409	-0.0041299	0.10676	0.10041	-0.11369	0.11669	0.092273	-0.019231	0.061948	0.096732	0.03204	0.12229	0.045013	0.16387	0.10891	0.020687	0.055492	0.039872	0.1093	0.076839	-0.032979	0.16353	-0.00812	0.19508	0.1551	0.15867	0.065835	0.076981	0.0076377	-0.030375	0.043764	0.12696	0.12695	0.1068	0.16057	0.19298	-0.014675	0.0062744	-0.0028631	0.059147	0.038438	0.090096	0.048186	-0.024606	0.017608	0.03156	-0.11864	0.047566	0.14178	0.23656	0.16312	0.15683	0.098574	0.14428	0.14489	0.10107	0.10064	0.16442	0.14341	0.11608	0.056521	0.11641	0.10176	0.12992
9	-0.021374	-0.033322	-0.012869	-0.070216	-0.0099619	0.027613	0.020506	0.1195	0	0.0016045	-0.04826	-0.025771	0.011344	0.0089531	-0.013164	-0.023119	-0.018712	0.014584	0.082748	-0.0056199	0.071399	0.017257	-0.011076	0.02573	0.0078633	0.058184	0.0084182	0.053907	0.002818	0.023049	0.014729	0.059483	0.03047	0.030274	0.018341	-0.014214	0.022843	0.030422	-0.0041346	-0.018852	0.023714	-0.038165	-0.022774	-0.033185	-0.00028066	0.012671	0.0060492	0.010031	-0.005306	-0.00063678	0.0076747	0.021742	0.07168	0.030596	0.17963	-0.02022	0.022302	0.08909	0.010825	0.0082781	0.015967	-0.0045354	0.01923	0.011658	0.026953	-0.019832	0.0039461	0.018961	0.027422	0.029359	-0.0028078	0.043969	0.016092	0.08536	0.027806	0.0046617	-0.0011187	0.018964	0.018321	0.012486	-0.013197	0.0065549	-0.01098	0.017534	-0.056976	0.017792	-0.0018258	-0.0054249	0.022771	0.026554	0.069707	0.029543	0.017406	0.0035216	-0.0033831	0.0089676	0.010033	0.036186	0.013098	-0.021702	-0.013684	0.029652	-0.00011661	-0.0013733	0.0083551	0.030921	-0.0098579	0.096812	0.015981	-0.0066906	0.0075994	-0.004699	0.032499	0.035524	0.061213	0.01247	0.0089742	0.014248	0.028794	0.0045214	0.01693	0.0073963	0.013025	0.017102	-0.031353	0.028291	-0.0068357	0.046276	-0.033903	0.0279	0.022033	0.034977	-0.023882	0.0081453	0.050945	-0.011746	0.0026713	-0.0091784	0.039398	0.041604	0.014499	0.022023	0.029716	-0.0025584	0.027314	0.022597	0.017649	0.024256	0.0060998	0.035682	0.012659	-0.0019681	0.026262	-0.028336	0.029541	0.039171	0.025489	0.0027763	0.031422	-0.0083123	-0.05591	0.044535	0.0002983	0.014542	-0.0081736	0.014187	0.0039567	-0.015927	-0.0054317	0.034145	0.054978	0.043259	0.010679	0.022371	0.047184	0.024048	0.016534	0.0058584	0.014311	0.00008705	-0.013721	-0.0091705	0.049181	0.03072	0.054232	0.021554	0.0057092	0.021801	0.0013119	-0.042042	0.03037	-0.011227	0.0068482	0.015187	-0.0021992	0.014831	0.018854	0.111	-0.032756	-0.027887	0.11459	-0.019199	0.01223	0.026444	0.017363	0.017347	0.024497	0.020488	-0.015991	0.13959	-0.010527	0.0013679	0.11204	0.0096239	0.031863	0.015319
10	-0.0082248	-0.066602	-0.035458	0.014928	-0.009539	-0.020614	0.0069396	0.048395	0.0016045	0	0.01457	0.017909	-0.03452	0.013411	0.018464	0.010331	0.0011819	0.015556	-0.011188	-0.03036	0.056354	0.0068528	-0.0081828	-0.019482	0.0037237	0.043063	-0.015842	0.033342	0.013662	-0.0061589	0.01238	-0.00048615	-0.042078	0.012618	0.0037339	-0.019431	0.010838	0.035716	0.030039	-0.032585	0.0028807	-0.0053487	-0.027432	-0.034479	0.091876	-0.035976	-0.0076846	-0.051107	-0.022068	0.0044092	0.081059	-0.01358	0.030672	-0.0042339	0.079583	-0.018253	0.033806	-0.04186	-0.0067158	-0.0073113	-0.011539	0.023014	-0.036012	0.016881	0.004652	-0.0040648	-0.024868	-0.015365	0.02837	-0.011003	-0.017142	-0.0097957	-0.043812	0.03319	0.042409	-0.007911	0.018081	-0.015908	-0.02996	0.01928	-0.09373	0.004754	0.02223	-0.034504	0.0094644	0.000051039	-0.0054911	-0.0065294	-0.028747	0.0030049	0.023882	-0.030713	0.010697	0.0033629	-0.022296	-0.019379	-0.0020667	-0.021867	0.01252	-0.042083	-0.028136	0.034805	-0.018351	-0.018515	-0.030759	0.0092716	0.008968	0.037508	-0.016033	-0.0020707	0.010472	0.026584	-0.049131	-0.0024897	0.017088	0.0034241	-0.029011	-0.016313	-0.020051	-0.012247	-0.0090712	-0.00020869	-0.045664	0.0034617	-0.068459	0.000054044	0.0045156	0.00262	0.021822	-0.025801	0.01623	-0.038195	0.000013411	-0.0015997	0.031345	-0.069482	0.015166	0.025058	-0.0061373	0.011056	-0.019698	0.01484	0.035419	0.0017216	-0.023498	0.0025251	-0.011301	0.0027911	-0.016286	-0.072777	0.0035371	0.0063277	0.0041834	0.0059245	-0.050862	-0.048742	0.003214	-0.0056228	0.0087008	-0.047052	-0.035291	-0.00085049	-0.021981	-0.021823	0.013114	-0.021021	-0.01526	-0.046339	0.0348	0.04771	-0.0057245	0.039089	-0.048067	0.0057071	0.025341	0.013787	0.016301	0.035025	-0.0051435	0.0096296	0.046371	-0.0064242	-0.0072671	-0.014237	0.055931	0.011093	0.0028419	-0.0040485	0.007879	0.012784	-0.017719	0.040728	0.049828	0.0042605	0.02797	0.036806	-0.014516	0.087192	-0.008665	-0.036227	0.084976	-0.009608	0.0074303	-0.0011579	-0.030899	-0.02635	-0.028097	-0.018383	0.040423	0.013868	0.020382	0.071537	0.022021	0.025251	-0.025973	-0.018304
11	-0.001681	-0.0049304	0.028998	0.01516	-0.023936	-0.0077186	0.0018717	-0.006548	-0.04826	0.01457	0	-0.031878	-0.037943	0.0031958	-0.031951	-0.018489	-0.004242	0.0022721	0.07715	-0.014662	-0.14047	-0.0025738	-0.018618	-0.013329	-0.011389	0.039252	-0.0027362	-0.014575	-0.010318	-0.020663	-0.0087363	-0.024499	-0.0051904	-0.047483	-0.0071768	0.014618	-0.013577	0.0075504	0.0043411	0.0092958	-0.0070071	0.0089414	-0.01102	-0.016086	-0.025195	-0.0046989	-0.012692	-0.010929	-0.01895	-0.0021701	0.015363	-0.017435	0.0012687	-0.019144	-0.081396	-0.024442	-0.0068839	-0.023122	-0.019606	-0.037492	-0.015798	0.0081384	-0.016245	-0.034263	-0.020476	-0.016576	-0.00096753	-0.024314	-0.013397	-0.0060554	-0.002651	0.034509	-0.01035	-0.022775	-0.020983	0.0097886	0.0071636	-0.013926	-0.007473	-0.018031	0.022049	-0.020096	0.024473	-0.023307	0.035837	-0.01304	-0.010915	0.0011505	-0.023515	-0.012022	0.020526	-0.01003	-0.013883	0.020559	-0.031594	-0.018757	0.029845	-0.014337	-0.00083484	-0.0077489	-0.016622	-0.018108	-0.021475	-0.0090037	-0.018676	-0.018661	-0.0014292	0.006442	-0.028836	-0.016888	0.0027972	-0.0071352	0.012879	-0.0036461	-0.032808	-0.037465	-0.054175	-0.01123	-0.023205	-0.013971	-0.013066	0.035091	-0.020241	0.0010302	-0.010509	-0.0020499	0.010181	-0.027306	0.022804	-0.011315	-0.0074728	-0.018248	0.024807	0.0069333	0.0026219	-0.022628	0.052181	-0.0015692	-0.0085377	-0.0024249	-0.022886	-0.038873	0.023173	-0.00018387	-0.018974	-0.039823	-0.020935	-0.018291	-0.0091601	0.015084	-0.0044848	0.026322	-0.037012	0.023451	-0.029723	-0.01586	0.044525	-0.019365	-0.0095777	-0.0057612	0.00089744	0.0048337	-0.0028858	-0.020339	-0.0010794	-0.020896	-0.004789	-0.025987	0.049179	-0.027387	-0.00213	-0.038516	0.014128	-0.017698	0.030403	-0.022428	-0.028171	-0.030098	-0.0082017	-0.0008858	0.0023232	-0.023722	-0.041845	-0.0065073	-0.0049988	-0.001938	-0.018221	-0.023249	-0.019165	0.025255	0.0031536	-0.0038671	-0.010104	-0.0042283	0.0032494	-0.0047355	0.0027042	0.023208	-0.026326	-0.0032673	-0.019159	-0.039293	-0.036396	-0.012773	-0.021091	-0.024142	-0.0047392	-0.010848	0.0089334	-0.078383	-0.012637	-0.027397	0.024017	-0.0057606	-0.020586	-0.020584
12	-0.047957	-0.043648	-0.070164	0.017815	-0.052336	-0.021996	0.0032072	0.12108	-0.025771	0.017909	-0.031878	0	-0.044422	0.056145	-0.0092736	-0.035702	-0.00043776	0.045267	0.01427	-0.035368	0.035393	-0.020507	-0.045985	-0.018789	-0.010236	0.062238	0.0080896	0.072091	-0.0045433	-0.024845	0.022426	0.021889	-0.025491	0.025226	0.018516	-0.02217	0.012162	0.018962	0.0010817	-0.077364	-0.015283	-0.011187	-0.021869	-0.062943	0.10801	-0.019907	-0.040698	-0.076122	-0.021445	-0.0046522	0.094126	-0.019109	0.087577	-0.013169	0.18989	-0.010891	0.0088503	0.049209	-0.036364	-0.048613	-0.030864	0.036154	-0.042548	0.0071582	-0.0099932	-0.010277	-0.020002	-0.033323	0.028841	0.015585	0.0058432	0.010595	-0.010608	0.076142	0.043103	-0.0034019	-0.021708	-0.034344	-0.033563	0.024432	-0.086311	-0.012532	0.030572	-0.031354	-0.08215	-0.029361	0.0042246	-0.021816	-0.050669	-0.0096411	0.026097	-0.031004	0.010948	-0.013671	-0.043656	-0.080903	-0.012859	-0.010244	0.046657	-0.0030311	-0.020489	-0.0030858	-0.038202	-0.028087	-0.039357	0.037602	-0.030233	0.10375	-0.021092	0.0055133	-0.0014798	0.0028976	0.033748	0.0015584	0.1069	0.043298	-0.052888	-0.010455	-0.02868	-0.040487	-0.036351	-0.027181	-0.05972	-0.0045815	-0.065462	-0.004902	-0.00068739	0.10084	0.039242	-0.035874	0.02166	-0.02949	-0.00015968	-0.012467	0.074011	-0.11219	-0.0047745	-0.011649	0.016496	0.020354	-0.040845	-0.0039837	0.040578	-0.0081563	-0.02829	-0.014312	-0.022868	0.010232	-0.028285	-0.00865	-0.0108	-0.0024181	0.07664	0.011777	-0.02392	-0.029232	0.021957	-0.035784	0.0074056	-0.050912	-0.021275	0.013467	-0.027668	-0.041704	0.0018568	-0.044266	-0.033932	-0.071302	-0.061873	0.059601	-0.0014482	0.065345	-0.01751	-0.0016073	0.061663	-0.0025772	-0.0049406	-0.021354	-0.0027919	0.003351	0.019545	-0.039306	0.045275	-0.005927	0.065693	-0.014374	-0.02521	-0.02987	0.015779	-0.013912	0.020535	0.034369	-0.06124	0.0031788	0.035866	0.037154	0.010017	0.1446	0.006046	-0.015821	0.12502	-0.05862	-0.02537	-0.036593	-0.037825	-0.033094	0.00017798	-0.024308	0.0031553	0.22488	0.020104	0.061663	0.016063	0.0080706	-0.037481	-0.049165
13	-0.041998	-0.020162	-0.062964	-0.088799	-0.017245	-0.00016368	-0.0049678	0.15791	0.011344	-0.03452	-0.037943	-0.044422	0	0.032295	0.011329	-0.033658	0.0086146	0.064468	0.072646	-0.021031	0.18457	-0.0079466	-0.018326	0.0013781	-0.023182	-0.0091911	0.0088527	0.083532	-0.014862	0.00015469	0.03215	0.050302	0.034848	0.10421	0.016578	-0.045098	0.028532	-0.015471	-0.015883	-0.075331	0.008522	-0.00756	-0.016972	-0.044752	0.073984	0.010876	-0.018816	-0.02284	0.010831	0.0012801	0.053384	0.019751	0.097368	0.031798	0.36584	0.0066593	0.014201	0.18135	0.0019128	0.014676	-0.014752	0.019245	-0.0031291	0.047143	0.015842	-0.007675	-0.013551	0.0045075	0.040512	0.0274	0.02523	0.029626	0.037395	0.11341	0.055208	-0.015407	-0.036377	-0.0085094	-0.016492	0.0014148	-0.03049	0.017702	-0.007133	-0.0081801	-0.13954	0.0020144	0.015385	-0.02005	-0.0070002	-0.012897	0.048061	0.026895	0.026627	-0.025753	0.0017892	-0.026827	-0.02741	-0.0057636	0.050391	-0.0014192	-0.00064227	0.020014	-0.017126	0.0036876	-0.0067275	0.060535	-0.034299	0.15156	0.026698	0.011171	-0.016881	0.012667	0.061556	0.0061756	0.1509	0.073192	0.015658	0.03866	0.030005	-0.003996	-0.014569	-0.042123	-0.0067729	-0.0043574	-0.042425	0.014413	-0.012705	0.1411	-0.0068004	0.0056459	0.0073954	0.061119	-0.042104	-0.0091666	0.076355	-0.065433	-0.055184	-0.030355	0.051942	0.023331	-0.010749	0.037011	0.0336	-0.0063922	0.0058193	0.035081	0.019195	0.033514	-0.0019076	0.048293	-0.00037588	-0.02531	0.11632	-0.040338	0.041398	0.02102	-0.0049243	-0.011498	0.024487	-0.016845	-0.057177	0.031606	-0.017139	-0.0040141	-0.0029131	0.0073324	-0.022658	-0.048394	-0.097064	0.087995	0.026555	0.11257	0.024252	0.020852	0.045212	0.040481	0.025505	0.015448	0.020281	-0.0074651	-0.016136	-0.0016708	0.12951	0.013135	0.064963	0.0036764	0.0034766	0.018574	0.034237	-0.070961	0.049234	0.029156	-0.036523	0.016837	0.04176	0.054028	0.024771	0.13633	0.015624	-0.028993	0.19044	0.015667	0.0055781	0.0051972	0.0011302	-0.0065172	0.011287	-0.0036131	-0.010911	0.31681	0.017666	0.047444	0.087193	0.0095705	0.0058125	-0.00095198
14	0.020475	-0.020891	0.049038	0.035653	0.042775	0.048295	0.015782	-0.042841	0.0089531	0.013411	0.0031958	0.056145	0.032295	0	-0.015585	0.026529	-0.0048104	0.0051003	0.040415	0.055799	-0.036071	0.021111	0.018265	0.012697	0.011146	-0.0023042	0.00098467	0.016093	0.033913	0.019664	0.031897	0.00060652	0.032181	-0.063197	-0.0085262	0.019277	0.019081	0.016189	0.0053643	0.016242	0.021961	-0.024177	0.0046242	0.0088959	-0.014443	0.013207	0.02689	0.02421	0.0067198	-0.000082257	-0.019159	0.025382	-0.012932	-0.02143	-0.14305	0.013241	0.0034235	-0.056065	0.026652	0.02161	0.025972	-0.0085339	0.035005	0.0045783	0.023257	0.0094506	0.0040333	0.030613	0.015373	0.0084858	0.014491	0.063565	0.011531	0.0048279	-0.054329	0.037252	0.02937	0.024493	0.025056	0.016433	0.063632	0.009677	-0.0066886	0.030017	0.045548	0.019786	0.017939	0.0067509	0.023918	0.029579	0.0029258	0.026174	0.02031	0.022375	0.021632	0.020256	0.014751	0.035659	-0.020108	-0.0090957	-0.0043588	0.0032472	0.026759	0.048649	0.032521	0.0024326	0.021305	-0.06484	0.0366	-0.010066	0.0091666	0.0051512	0.018134	0.026779	-0.017287	-0.04957	0.0032887	0.015553	0.02344	0.015206	0.019253	0.015039	0.02597	0.02249	0.018967	0.019902	0.014953	0.0077366	-0.021961	0.02304	0.013375	0.0043126	0.017684	-0.0015552	-0.023931	0.073173	0.029133	0.019046	0.0051926	0.014669	0.030687	0.012789	-0.0056132	0.00030959	0.019315	0.0013171	0.0023544	0.024795	0.018984	0.028232	0.023735	0.021705	-0.0029759	-0.0010189	0.0081107	0.0057331	0.014088	0.016839	-0.0060003	0.010608	0.025147	0.028663	0.017801	0.027082	-0.0020271	0.029207	0.017355	0.012402	0.047004	-0.050975	0.023477	-0.054791	0.0082886	0.0204	-0.012683	0.015182	0.037921	0.018918	0.0075101	0.013266	-0.0021013	-0.0057616	-0.0058088	0.027759	0.015953	0.026493	0.033515	0.022893	-0.0076746	0.042865	0.010285	-0.0086987	0.011166	0.012661	-0.0061741	-0.015132	0.012989	-0.035247	-0.044899	0.023722	-0.04605	0.052984	0.025773	0.025536	0.017273	0.037521	0.011082	0.023116	0.0053763	-0.064573	0.018602	0.004343	-0.019204	0.014919	0.0068181	0.03234
15	-0.014771	0.043265	0.014525	-0.060131	-0.0089815	0.057126	0.010907	0.12491	-0.013164	0.018464	-0.031951	-0.0092736	0.011329	-0.015585	0	-0.03553	0.0086884	0.028988	0.1419	0.032791	0.080295	0.0077746	-0.0093871	0.015336	0.016404	0.035927	0.026298	0.074292	0.02855	0.0113	0.043826	0.067949	0.092965	0.040143	0.025595	-0.014308	0.0064745	0.0047745	-0.017161	0.0012344	0.018051	-0.0075713	0.010319	-0.021437	-0.067965	0.047423	0.012831	0.038487	-0.016167	-0.006969	-0.032415	0.038797	0.090449	-0.014318	0.13239	-0.0032786	-0.013114	0.11038	0.007436	-0.0083617	0.0099281	-0.02418	0.043893	0.016927	0.016632	0.010542	0.018177	0.0055473	0.0047843	0.06061	0.031783	0.073073	0.068559	0.071154	0.0088082	0.013838	0.0041233	0.014775	0.056654	0.034277	0.039798	0.012559	-0.021684	0.030097	-0.05889	0.012623	0.02242	-0.011872	0.0087135	0.022766	0.073741	0.057796	0.025997	-0.0074288	0.0017482	0.021987	0.0334	-0.0036189	0.024787	0.016894	0.013304	-0.011676	0.028209	0.030576	0.019339	0.048014	-0.02831	0.10199	0.0070054	-0.005328	0.015025	-0.0047348	0.10508	0.027457	0.086093	0.031528	-0.017149	0.016698	0.02081	0.00081026	0.0033252	0.026555	0.01469	0.02501	-0.017873	0.0085479	0.010852	0.092629	-0.014853	0.031124	0.003905	0.037633	0.025217	-0.0012316	0.060591	0.0074338	0.0098439	-0.039883	0.041072	0.042862	0.011088	0.021304	0.023321	-0.009178	0.0099041	-0.0026836	0.0044753	0.020519	0.019962	0.11744	0.0052326	0.018714	0.027612	-0.035789	0.061784	0.064739	-0.029702	0.0029457	0.017815	0.027941	-0.03165	0.042767	0.012284	0.029592	-0.020675	0.0075001	0.00034027	-0.035876	-0.0043287	-0.0085996	0.076783	-0.013963	0.010647	0.0045622	0.053531	-0.0019438	0.036461	-0.014222	0.017067	-0.014847	-0.044299	-0.014811	0.14094	0.030885	-0.010436	0.031434	-0.0082542	0.027332	-0.012615	0.0099577	0.054532	-0.039643	-0.085214	0.0050166	0.0071392	0.01118	0.016365	0.060289	-0.059459	0.012055	0.11518	-0.044552	-0.00041526	0.012718	0.019175	0.02324	0.038906	0.015269	-0.035681	0.20052	-0.0043442	0.0073789	0.12168	-0.017864	0.030055	-0.0076153
16	-0.037721	-0.037833	-0.034063	-0.021713	-0.042872	-0.011312	0.0043106	0.078162	-0.023119	0.010331	-0.018489	-0.035702	-0.033658	0.026529	-0.03553	0	-0.0046727	-0.010348	0.035281	-0.011409	0.032137	-0.011654	-0.016284	-0.0046147	-0.0096516	0.038445	-0.010342	0.0026488	-0.0049114	-0.025777	-0.0011762	0.010397	-0.02658	0.030461	0.015059	-0.016172	0.0070265	0.0056797	-0.011082	-0.019413	-0.0059368	-0.01334	-0.015785	-0.042329	0.037365	-0.01013	-0.013922	-0.034739	-0.024025	-0.0040869	0.045807	-0.01374	0.049903	-0.0019495	0.10107	-0.011436	-0.0064981	0.031032	-0.01566	-0.029222	-0.0052091	0.0023059	-0.026367	0.00001103	-0.028049	0.0020388	0.0002392	-0.011846	-0.0033845	0.0044921	-0.016449	0.012756	-0.018004	0.024462	0.051018	-0.0019278	-0.0076454	-0.020552	-0.017192	-0.0072004	-0.029548	-0.0018453	0.016998	-0.026175	-0.031069	-0.011185	-0.012643	-0.007367	-0.0066432	-0.0075915	0.032611	-0.011422	-0.0087433	-0.0039893	-0.024464	-0.031692	0.0040258	-0.015293	0.01958	-0.0043272	-0.011706	-0.00025342	-0.017515	-0.014442	-0.022761	0.0036409	-0.0037586	0.092515	-0.027669	-0.0055579	0.017449	-0.015825	0.015409	0.00013475	0.028929	0.024095	-0.028083	-0.0081339	-0.020806	-0.015439	-0.014723	0.026289	-0.018658	-0.00010061	-0.035947	-0.00016172	-0.013516	0.020711	0.017724	-0.013785	0.0053007	-0.013855	0.012089	0.0018978	0.048673	-0.069362	0.0186	-0.022716	0.012399	0.014536	-0.028683	-0.0069665	0.033371	0.0056024	-0.0027731	-0.0089407	-0.018446	-0.0073366	-0.023196	-0.012078	-0.012077	-0.0018467	0.021524	0.010249	-0.021461	-0.013579	0.025607	-0.004828	0.001222	-0.018104	-0.02517	0.0063402	-0.023034	-0.017364	0.0046854	-0.025435	-0.017103	-0.021741	-0.0081508	0.018384	0.0041523	0.018149	-0.010762	-0.011922	0.035478	-0.0095109	0.00079829	-0.0051927	-0.014809	0.00037128	0.027329	-0.0069222	0.030635	-0.0017697	0.020019	-0.0059519	-0.019237	-0.017113	0.0023998	0.010527	0.0030915	0.0030284	-0.019084	-0.0026309	-0.002905	0.022501	0.0069755	0.04991	-0.019908	-0.035599	0.045697	-0.059128	-0.022158	-0.0188	-0.021662	-0.030444	-0.0056563	-0.0041288	-0.022873	0.083103	-0.0087691	0.005474	0.048124	-0.003544	-0.014047	-0.0095455
17	-0.002786	-0.017936	-0.00047146	-0.013828	0.012555	0.011519	0.015094	0.035327	-0.018712	0.0011819	-0.004242	-0.00043776	0.0086146	-0.0048104	0.0086884	-0.0046727	0	0.004067	0.062662	-0.01203	-0.092079	0.019411	0.019937	0.019956	0.01971	0.039266	0.019061	0.0091368	0.010237	0.022095	0.010829	0.015388	0.0066636	-0.014446	-0.0056771	-0.0016207	-0.0031789	0.0046854	-0.0010217	0.0068272	0.020728	-0.0010188	0.024996	-0.00083253	-0.0071019	0.012988	0.024096	0.017746	-0.00085025	0.00607	0.010625	0.013352	0.00088857	0.030165	0.039483	-0.01067	0.0080729	0.0053019	0.010649	0.0070792	0.018116	-0.000088599	0.017613	-0.0056257	0.022897	0.0087802	0.0084927	0.019927	0.015976	0.012404	0.010719	0.035304	0.012501	0.019585	-0.018422	0.01389	0.0093365	0.013919	0.0096939	-0.0034701	0.018002	-0.010928	0.00052637	0.018472	0.0017888	0.016755	0.014226	0.0018094	0.012882	0.0065686	0.044902	0.012164	0.0095193	0.0016827	0.010108	0.006989	0.025976	0.00035065	0.0083897	-0.013014	0.0058223	0.014581	0.0097743	0.019648	0.013616	0.011148	0.0015842	0.01204	0.016561	-0.0016791	0.01252	0.0092855	0.020016	0.011198	0.011961	-0.012853	0.0043932	0.0091352	0.0089062	0.010652	0.013972	0.025926	0.016399	0.0089622	-0.0053663	0.013358	0.004047	0.022596	-0.012529	0.0164	-0.0093266	0.014157	0.027041	0.015159	0.0058492	-0.01795	0.020018	0.0045232	0.00065351	0.013103	0.011699	0.0075713	0.01775	0.0040714	0.011812	0.0085844	0.015734	0.012246	0.013562	0.021067	0.015307	-0.016568	-0.0049589	0.0076453	0.0056674	0.012473	0.030133	0.010609	0.011565	0.0016059	-0.0021782	0.025616	0.0035256	0.015459	0.0011145	0.01308	0.01203	-0.0063014	0.013613	0.01213	0.024953	0.0057875	0.011195	0.017857	0.018453	0.02352	-0.018925	0.00073141	0.01209	0.0033681	-0.0094798	-0.0083985	-0.02125	0.030326	0.019635	0.021072	0.01062	0.015758	0.010497	-0.04783	-0.0018994	-0.006631	-0.0027044	0.0010894	0.015029	-0.00054358	0.012939	0.064819	-0.017189	0.018016	0.047734	-0.0011847	-0.0015302	0.015999	0.014854	0.0098947	0.024387	0.016908	0.000039101	0.022616	0.0025972	-0.007188	0.027959	0.0065108	0.023927	0.014025
18	0.04095	-0.053818	0.055127	-0.073003	0.069797	0.067103	0.02506	0.10471	0.014584	0.015556	0.0022721	0.045267	0.064468	0.0051003	0.028988	-0.010348	0.004067	0	0.12374	0.0029113	0.050967	0.058542	0.023015	0.022327	0.041835	0.028947	-0.012091	0.03977	0.038606	0.01822	0.046644	0.086179	0.066207	0.02594	0.0078914	0.013295	0.034496	0.038788	0.011085	-0.027503	0.042197	-0.057005	-0.014017	-0.02021	0.093412	0.021103	0.042946	0.024001	0.0051154	0.019088	0.020135	0.037848	0.0073415	0.063609	0.046509	0.019997	0.044424	0.032638	0.041636	0.057947	0.049173	0.00073426	0.041844	0.086379	0.039314	0.0042518	-0.0068698	0.055006	0.02889	0.02548	0.035955	0.1295	0.019386	0.092315	-0.020503	0.05331	0.020894	0.04023	0.011346	0.021469	0.10626	0.068206	-0.013644	0.033342	0.036843	0.048385	0.029443	0.00047085	0.04347	0.032645	0.066189	0.052666	0.064199	0.045291	0.04235	0.025491	0.027145	0.036627	0.016561	-0.049222	-0.020607	0.050137	0.040267	0.080821	0.027115	0.017239	0.043137	0.079614	0.065426	0.031969	0.042239	0.018023	0.041658	0.05753	-0.0036447	-0.015509	0.053101	0.066171	0.063236	0.047817	0.039818	0.018585	0.024082	0.036908	-0.016918	0.035416	0.026175	0.043449	-0.042347	0.055159	-0.0068987	-0.0080893	0.0095498	0.0039826	0.022644	0.064364	0.041629	0.035023	0.046805	0.051971	0.057468	0.089169	0.037294	0.012186	0.038087	0.061612	0.043062	0.057979	0.036889	0.036275	0.039464	-0.0036287	-0.0039461	-0.0061133	0.04155	0.019721	0.033013	0.049648	0.024046	0.0081369	0.0033446	0.067479	-0.0057949	0.042967	0.025546	0.1018	0.023515	0.0030249	0.081042	-0.0035363	0.057505	0.014783	-0.06535	0.028284	-0.0084299	0.049958	0.1013	0.06207	0.044625	0.04027	0.00097189	0.0007506	0.050555	0.067148	0.098673	0.046874	0.074537	0.034419	0.011524	-0.023849	0.0097454	0.019822	0.035537	0.054579	0.034917	0.015199	-0.0004208	0.075314	-0.054778	0.021634	0.079242	0.16663	0.073471	0.054088	0.042437	0.07147	0.006304	0.044665	0.016243	0.0066398	0.046456	0.083099	0.098268	0.057429	0.035892	0.070932
19	0.0045512	-0.024282	0.021197	-0.10352	0.14568	-0.0034142	0.047295	0.12339	0.082748	-0.011188	0.07715	0.01427	0.072646	0.040415	0.1419	0.035281	0.062662	0.12374	0	-0.059216	0.17015	0.063486	0.061562	0.046188	0.019347	0.0027019	-0.032113	0.092684	0.049745	0.067866	0.13783	0.031007	0.19608	0.19669	-0.014911	-0.042579	0.12632	-0.0089138	0.051438	-0.13902	0.063183	-0.019171	0.0333	-0.012276	0.31743	-0.04492	0.035556	-0.010039	0.038561	0.097487	0.044732	0.065405	0.046991	0.10532	0.36046	0.05921	0.088884	0.15673	0.089241	0.13622	0.022723	0.074198	0.0092338	0.12648	0.030656	0.021345	-0.069001	0.07628	0.13208	-0.046445	0.078401	0.15884	0.044818	0.15618	0.028667	0.022275	-0.058616	0.013441	-0.054554	0.075305	0.081157	0.081443	-0.026157	-0.003528	-0.015709	0.046453	0.034981	-0.064893	0.02302	-0.020247	0.029038	0.08261	0.072976	-0.020634	0.085113	-0.018601	-0.014531	-0.049197	0.090372	-0.060245	-0.0023726	0.088311	0.032984	0.094146	0.035716	0.15114	0.071565	0.11647	0.10032	0.013936	0.049285	0.10227	0.10475	0.021014	0.20081	0.088915	0.091686	0.11488	0.065514	0.082342	0.0095451	-0.055187	0.011194	0.023136	-0.067014	0.018784	0.041266	0.23771	-0.016609	0.019264	0.023816	0.024236	0.023993	0.029663	0.049896	0.0094307	-0.10634	0.0065795	0.086497	0.040816	0.018569	0.11536	0.084609	0.03648	0.029001	0.12991	0.076156	0.092289	0.069126	0.094033	0.071571	-0.076665	0.074387	0.013851	0.044487	-0.037573	-0.082371	0.066962	0.062822	-0.046678	0.051278	0.019891	-0.0066635	0.013381	0.096383	0.11668	0.01966	-0.029782	-0.052482	0.16154	-0.018985	0.19504	-0.071634	0.10652	0.036387	0.17069	0.091284	0.082556	0.074835	0.087894	0.064616	-0.0042886	0.12395	0.032869	0.17273	0.011006	0.08779	0.097662	0.068995	-0.093084	0.0076069	0.14616	0.016716	0.072074	0.074876	0.076367	-0.002689	0.10065	0.031625	0.073353	0.18608	0.30967	0.081392	0.03377	0.024678	0.048439	0.066982	0.018003	0.075984	0.38379	0.15446	0.16409	0.01941	0.084934	0.021353	0.090725
