{"corr":[[1.0, 0.09195135533809662, 0.14603854715824127, -0.14679233729839325, -0.03800754249095917, 0.19718073308467865, 0.11414310336112976, 0.04893783852458, -0.18816401064395905, -0.11182396113872528, -0.07997466623783112, 0.17562197148799896, 0.1523251086473465, 0.10288901627063751, -0.16902366280555725, -0.16344748437404633, -0.10660534352064133, 0.14439016580581665, 0.17024806141853333, 0.12783260643482208, -0.051754627376794815, -0.17616575956344604, -0.12137272953987122, 0.025787651538848877, 0.16886171698570251, 0.11565254628658295, 0.010730287060141563, -0.19545738399028778, -0.11426346004009247, -0.07250584661960602, 0.20056700706481934, 0.12783807516098022, 0.04360600933432579, -0.16150899231433868, -0.1253105103969574, -0.0964464619755745, 0.14426186680793762, 0.10798271745443344, 0.0996851697564125, -0.06975527107715607, -0.17002171277999878, -0.1582350879907608, 0.06352690607309341, 0.19413942098617554, 0.1102263480424881, -0.046970680356025696, -0.19344504177570343, -0.08355800807476044, 0.0034321178682148457, 0.19557097554206848, 0.1168459802865982, 0.026562519371509552, -0.18615908920764923, -0.14641524851322174, -0.044705480337142944, 0.14123255014419556, 0.1232309341430664, 0.12573681771755219, -0.14018961787223816, -0.15301063656806946, -0.08195562660694122, 0.12675656378269196, 0.15165597200393677, 0.10224927216768265, -0.09386977553367615, -0.14994670450687408, -0.08896160125732422, 0.05472950264811516, 0.18379932641983032, 0.1303657740354538, -0.017199521884322166, -0.18150316178798676, -0.13098211586475372, 0.004460915457457304, 0.19325882196426392, 0.13501019775867462, 0.06452445685863495, -0.19641411304473877, -0.12787064909934998, -0.05974717065691948, 0.1520228087902069, 0.09392622858285904, 0.09613876044750214, -0.18385769426822662, -0.1420232057571411, -0.1001533642411232, 0.1090724840760231, 0.1622890830039978, 0.15007565915584564, -0.06421610713005066, -0.1812325119972229, -0.1288447380065918, 0.06374139338731766, 0.16293281316757202, 0.07790198177099228, 0.017780929803848267, -0.20208856463432312, -0.12870566546916962, 0.015399632975459099, 0.19122956693172455, 0.10950332880020142, 0.08226161450147629, -0.17728202044963837, -0.15217293798923492, -0.07326942682266235, 0.13571353256702423, 0.13628947734832764, 0.11313833296298981, -0.11956323683261871, -0.1564720869064331, -0.10326669365167618, 0.08065737783908844, 0.13882653415203094, 0.11763613671064377, -0.030477721244096756, -0.22556446492671967, -0.10563643276691437, 0.05036758631467819, 0.18483099341392517, 0.13448269665241241, 0.04707794636487961, -0.20463286340236664, -0.14388950169086456, -0.059954430907964706, 0.19341576099395752, 0.11546161770820618, 0.09554087370634079, -0.1626952439546585, -0.1513684242963791, -0.0844290554523468, 0.14886625111103058, 0.1256469339132309, 0.13357022404670715, -0.08804337680339813, -0.16201487183570862, -0.1403963416814804, 0.08500613272190094, 0.1577436625957489, 0.11601147800683975, -0.05498908832669258], [0.09195135533809662, 1.0, -0.14973029494285583, 0.0583454892039299, 0.3595820963382721, 0.36211687326431274, -0.009785276837646961, -0.3102957606315613, -0.38275468349456787, -0.07253197580575943, 0.29422008991241455, 0.3548133671283722, 0.08392389118671417, -0.3336052894592285, -0.4050965905189514, -0.16651469469070435, 0.24488413333892822, 0.3585840165615082, 0.1959308236837387, -0.203811913728714, -0.3798598647117615, -0.25699320435523987, 0.11222526431083679, 0.4003176689147949, 0.31249377131462097, -0.10405512899160385, -0.32450366020202637, -0.3313169479370117, 0.0036640632897615433, 0.3762487769126892, 0.3436337411403656, 0.071383535861969, -0.22296136617660522, -0.38052380084991455, -0.13632453978061676, 0.27363330125808716, 0.3879607021808624, 0.14995843172073364, -0.2091466188430786, -0.4108389616012573, -0.2467048615217209, 0.18618986010551453, 0.4159180223941803, 0.2499740868806839, -0.19034650921821594, -0.3721841275691986, -0.2772230803966522, 0.09921810030937195, 0.374952107667923, 0.37387192249298096, -0.03815866634249687, -0.3469550907611847, -0.31925392150878906, -0.006728906650096178, 0.29936131834983826, 0.3696754574775696, 0.07470621168613434, -0.32372286915779114, -0.40350890159606934, -0.12068165838718414, 0.27146780490875244, 0.4194411337375641, 0.17363207042217255, -0.19656990468502045, -0.35820841789245605, -0.25061291456222534, 0.16431601345539093, 0.3833277225494385, 0.2659611999988556, -0.13269706070423126, -0.3368302881717682, -0.32790011167526245, 0.005353531800210476, 0.36044856905937195, 0.3620843291282654, -0.02339891344308853, -0.339481383562088, -0.3600534498691559, -0.07258124649524689, 0.35032591223716736, 0.3871331214904785, 0.08810966461896896, -0.26378563046455383, -0.3765111267566681, -0.16439619660377502, 0.27609553933143616, 0.3785557448863983, 0.22044837474822998, -0.16575460135936737, -0.3672301769256592, -0.3028278350830078, 0.13148733973503113, 0.3478683829307556, 0.30695050954818726, -0.10175290703773499, -0.343768835067749, -0.3542753756046295, 0.051286064088344574, 0.3767324984073639, 0.3777180016040802, 0.017360037192702293, -0.3110709488391876, -0.3741593658924103, -0.0679825022816658, 0.30301061272621155, 0.3810077905654907, 0.1823642998933792, -0.24816516041755676, -0.40654850006103516, -0.2103217989206314, 0.2062726765871048, 0.41519856452941895, 0.26498159766197205, -0.13380271196365356, -0.369399756193161, -0.30616435408592224, 0.09357704222202301, 0.387708455324173, 0.3043920695781708, -0.05218609422445297, -0.33724498748779297, -0.3492727279663086, -0.001409524236805737, 0.3250029385089874, 0.3913528025150299, 0.03207797184586525, -0.31285718083381653, -0.3942015469074249, -0.15179838240146637, 0.22777019441127777, 0.37199196219444275, 0.16342048346996307, -0.2434023916721344, -0.39284008741378784, -0.2571212947368622, 0.1890392154455185, 0.37763869762420654, 0.27759048342704773, -0.12984898686408997, -0.3700583279132843], [0.14603854715824127, -0.14973029494285583, 1.0, 0.12360236048698425, -0.001240398152731359, -0.15338289737701416, -0.1497524380683899, -0.06319984048604965, 0.024734269827604294, 0.12007617205381393, 0.09040949493646622, -0.041579607874155045, -0.12992358207702637, -0.05171707645058632, 0.00522876949980855, 0.06650538742542267, 0.13437804579734802, 0.03746192529797554, -0.12626291811466217, -0.10298901051282883, -0.016102483496069908, 0.11329870671033859, 0.13667844235897064, 0.01473342813551426, -0.09458085894584656, -0.14068755507469177, -0.03179236128926277, 0.04717584326863289, 0.0969221219420433, 0.06588798761367798, -0.041965220123529434, -0.1333916187286377, 0.317013144493103, 0.08828799426555634, 0.14065326750278473, 0.13666656613349915, -0.0557066835463047, -0.10115467011928558, -0.14848022162914276, 0.08042450994253159, 0.19731956720352173, 0.07222766429185867, -0.03834709897637367, -0.04812392219901085, -0.1533048003911972, -0.07086669653654099, 0.18256734311580658, 0.20731410384178162, 0.0657256543636322, -0.10744418203830719, -0.15778954327106476, -0.05799074098467827, 0.07468511164188385, 0.1360207498073578, 0.10078565776348114, -0.07268257439136505, -0.09946770966053009, 0.012333936057984829, 0.07291174679994583, 0.10856412351131439, 0.17642605304718018, -0.07775242626667023, -0.1099783405661583, -0.21446795761585236, -0.021930281072854996, 0.10516247153282166, 0.1478298008441925, 0.00473520252853632, -0.10984279960393906, -0.1130167618393898, -0.051724229007959366, 0.16839322447776794, 0.1261061131954193, 0.04714025557041168, -0.07673308253288269, -0.15232142806053162, -0.0381944477558136, 0.05829343944787979, 0.11732077598571777, 0.12578552961349487, -0.1577351987361908, -0.17494627833366394, -0.058718398213386536, 0.04823942855000496, 0.06468097865581512, 0.09333943575620651, 0.01596354879438877, -0.20392338931560516, -0.10775701701641083, 0.02244209684431553, 0.10507304966449738, 0.1728602945804596, 0.04403233900666237, -0.09637556970119476, -0.19936469197273254, -0.0064580184407532215, 0.1140672042965889, 0.22910863161087036, 0.14864827692508698, -0.12267061322927475, -0.12949800491333008, -0.1264285296201706, 0.041044607758522034, 0.08510582894086838, 0.06915046274662018, -0.05186676234006882, -0.0972011461853981, -0.0360470786690712, 0.06238885596394539, 0.17066001892089844, 0.13197289407253265, -0.07628238946199417, -0.15576663613319397, -0.171209454536438, 0.04085294157266617, 0.05467742308974266, 0.19841252267360687, 0.05872298404574394, 0.015413756482303143, -0.09800848364830017, -0.0706651583313942, 0.018834620714187622, 0.14260168373584747, 0.073154017329216, -0.06658295542001724, -0.20822468400001526, -0.04688083380460739, 0.04615284129977226, 0.06188472732901573, 0.1384376734495163, 0.03233182802796364, -0.17312926054000854, -0.1460055708885193, 0.015272840857505798, 0.1671566516160965, 0.108301542699337, 0.06515496224164963, -0.14387279748916626, -0.1788264364004135, -0.12655626237392426], [-0.14679233729839325, 0.0583454892039299, 0.12360236048698425, 1.0, 0.42988330125808716, -0.3893548846244812, -0.9679538607597351, -0.521550714969635, 0.2531376779079437, 0.9245548248291016, 0.6303389072418213, -0.14985857903957367, -0.8756734728813171, -0.6778952479362488, 0.08696050196886063, 0.7919158935546875, 0.811946451663971, 0.002962385304272175, -0.6935661435127258, -0.9009848833084106, -0.14057734608650208, 0.5990595817565918, 0.966140866279602, 0.1926334947347641, -0.4853273928165436, -0.9833363890647888, -0.39791834354400635, 0.4145832359790802, 0.9772413372993469, 0.46170729398727417, -0.22986197471618652, -0.9377313256263733, 0.3168756365776062, 0.21828913688659668, 0.8776775598526001, 0.7038686871528625, -0.11452888697385788, -0.8151300549507141, -0.8069712519645691, 0.006431384477764368, 0.7017689347267151, 0.8874397277832031, 0.04917842522263527, -0.6263893842697144, -0.9327705502510071, -0.20699921250343323, 0.5226480960845947, 0.9727972745895386, 0.2961510419845581, -0.44265878200531006, -0.9841244220733643, -0.38949519395828247, 0.36426523327827454, 0.9667252898216248, 0.5576980113983154, -0.24370518326759338, -0.9217797517776489, -0.6136595010757446, 0.19965578615665436, 0.856785237789154, 0.7435744404792786, -0.048357151448726654, -0.7838352918624878, -0.8483871221542358, -0.012885218486189842, 0.6531563401222229, 0.9056685566902161, 0.12519635260105133, -0.5559408068656921, -0.9634576439857483, -0.3182125389575958, 0.4875467121601105, 0.9691848158836365, 0.32990384101867676, -0.4081600308418274, -0.9745344519615173, -0.4705657958984375, 0.2818114161491394, 0.9409810304641724, 0.5512505769729614, -0.16609342396259308, -0.894963264465332, -0.6831058859825134, 0.06558459252119064, 0.8044108748435974, 0.7497724890708923, 0.00012178087490610778, -0.6922814249992371, -0.8928468227386475, -0.09933453053236008, 0.6110835075378418, 0.9536409974098206, 0.2254459112882614, -0.5294799208641052, -0.9639890193939209, -0.3149205446243286, 0.42402204871177673, 0.9823747277259827, 0.38506796956062317, -0.3056875467300415, -0.9629821181297302, -0.5945093035697937, 0.24351170659065247, 0.8984136581420898, 0.6328848600387573, -0.12664639949798584, -0.8204633593559265, -0.7786667943000793, -0.022497065365314484, 0.7443854808807373, 0.8597012758255005, 0.06646890193223953, -0.6529067158699036, -0.9385366439819336, -0.20334801077842712, 0.5318259596824646, 0.9717805981636047, 0.2733135223388672, -0.4762669801712036, -0.9849772453308105, -0.42133867740631104, 0.3556874990463257, 0.9766863584518433, 0.5185120701789856, -0.2478683888912201, -0.92631995677948, -0.636114776134491, 0.11456035077571869, 0.8506522178649902, 0.754455029964447, -0.08673831075429916, -0.8051996231079102, -0.8152238726615906, -0.025912079960107803, 0.6942208409309387, 0.9093390107154846, 0.13890418410301208, -0.5786452293395996, -0.9445395469665527, -0.2413433939218521], [-0.03800754249095917, 0.3595820963382721, -0.001240398152731359, 0.42988330125808716, 1.0, 0.38790640234947205, -0.3706628382205963, -0.973206102848053, -0.5279753804206848, 0.19794806838035583, 0.9400452375411987, 0.6337836980819702, -0.1360195279121399, -0.9005613923072815, -0.7036857008934021, 0.029556747525930405, 0.8156563639640808, 0.7935529351234436, 0.06561587005853653, -0.7026962041854858, -0.8889843821525574, -0.17939035594463348, 0.5671712756156921, 0.9414752721786499, 0.30089008808135986, -0.4858284890651703, -0.9801989197731018, -0.3453158736228943, 0.33739060163497925, 0.9802126884460449, 0.529455304145813, -0.24079662561416626, 0.10829668492078781, -0.5744540095329285, 0.11785765737295151, 0.8858960866928101, 0.6806009411811829, -0.05028657615184784, -0.8065774440765381, -0.7781373858451843, -0.09244976937770844, 0.7188379764556885, 0.850449800491333, 0.132329523563385, -0.6529039740562439, -0.9018647074699402, -0.25149452686309814, 0.5171384215354919, 0.9543423652648926, 0.32479605078697205, -0.46242213249206543, -0.983512282371521, -0.4126836359500885, 0.2882739007472992, 0.9665608406066895, 0.5414064526557922, -0.1880785971879959, -0.9341568946838379, -0.6063340306282043, 0.09269830584526062, 0.8642563223838806, 0.7554726600646973, -0.012696241959929466, -0.745864748954773, -0.7951510548591614, -0.13528090715408325, 0.6957523226737976, 0.8959125280380249, 0.22813667356967926, -0.5845199823379517, -0.9522287249565125, -0.29075363278388977, 0.45610469579696655, 0.9819335341453552, 0.3630019426345825, -0.36566683650016785, -0.9866172075271606, -0.4958178997039795, 0.22814695537090302, 0.9524739384651184, 0.5981367230415344, -0.1728672981262207, -0.8992354869842529, -0.702089250087738, 0.037259023636579514, 0.8656953573226929, 0.7850377559661865, 0.09797246754169464, -0.681630551815033, -0.8677466511726379, -0.1659739464521408, 0.5994136929512024, 0.9355503916740417, 0.24846427142620087, -0.5651142001152039, -0.9641791582107544, -0.34702107310295105, 0.39408954977989197, 0.9639492630958557, 0.47556766867637634, -0.3090456426143646, -0.953295111656189, -0.5417717695236206, 0.15985460579395294, 0.929897129535675, 0.660304605960846, -0.05097779631614685, -0.8408681154251099, -0.7902995347976685, -0.03976617008447647, 0.7497648596763611, 0.8432613611221313, 0.11895952373743057, -0.6280938982963562, -0.9308776259422302, -0.2473697066307068, 0.5517292022705078, 0.9543029069900513, 0.26243260502815247, -0.42418888211250305, -0.9761257767677307, -0.4138945937156677, 0.3612796664237976, 0.965545654296875, 0.5211825966835022, -0.21143949031829834, -0.9413986802101135, -0.6640682220458984, 0.0856490358710289, 0.8569802641868591, 0.7071119546890259, -0.06401311606168747, -0.7978874444961548, -0.8158762454986572, -0.08497122675180435, 0.6976551413536072, 0.8938621878623962, 0.18923233449459076, -0.602616548538208, -0.9218719601631165], [0.19718073308467865, 0.36211687326431274, -0.15338289737701416, -0.3893548846244812, 0.38790640234947205, 1.0, 0.42302820086479187, -0.31251728534698486, -0.9612086415290833, -0.5892476439476013, 0.18540909886360168, 0.9086855053901672, 0.6746628880500793, -0.1853034794330597, -0.8526549339294434, -0.7508415579795837, 0.016221432015299797, 0.7692012190818787, 0.8452169895172119, 0.10152591019868851, -0.6639369130134583, -0.9209237694740295, -0.2590092420578003, 0.5910636186599731, 0.9593203663825989, 0.32061320543289185, -0.42364829778671265, -0.9811315536499023, -0.4724794626235962, 0.347753643989563, 0.9583345651626587, 0.5719578266143799, -0.21839936077594757, -0.9429671168327332, -0.6683654189109802, 0.08749210834503174, 0.8852095007896423, 0.7360579371452332, 0.016317103058099747, -0.8049687743186951, -0.8414875864982605, -0.11413197964429855, 0.7387162446975708, 0.8883154988288879, 0.15539103746414185, -0.5973975658416748, -0.9481685161590576, -0.2951166331768036, 0.4738445281982422, 0.9880064725875854, 0.36416059732437134, -0.42283058166503906, -0.977647602558136, -0.5030433535575867, 0.24448364973068237, 0.9581025242805481, 0.6035664677619934, -0.2179686576128006, -0.9327296614646912, -0.7035481929779053, 0.06848099082708359, 0.8475735783576965, 0.780301034450531, 0.07413126528263092, -0.7387478947639465, -0.8743994832038879, -0.1306319683790207, 0.6550838351249695, 0.9394078850746155, 0.21686436235904694, -0.4888983368873596, -0.9699446558952332, -0.36281290650367737, 0.4563213884830475, 0.9854608178138733, 0.4485383927822113, -0.34596529603004456, -0.9665012955665588, -0.574088990688324, 0.27981799840927124, 0.9218559265136719, 0.6391168236732483, -0.15027481317520142, -0.8654415607452393, -0.7406628131866455, 0.09843610972166061, 0.7879104018211365, 0.8612163662910461, 0.13845020532608032, -0.7083766460418701, -0.9009742140769958, -0.24055425822734833, 0.5918170213699341, 0.9457640051841736, 0.2552027702331543, -0.46587494015693665, -0.9726322293281555, -0.4093046486377716, 0.416561096906662, 0.9795300364494324, 0.4992511570453644, -0.22308166325092316, -0.9511958956718445, -0.6358526349067688, 0.1965274214744568, 0.8884989619255066, 0.7208949327468872, -0.033365555107593536, -0.7976439595222473, -0.8226609230041504, -0.07598509639501572, 0.7507719993591309, 0.8822619318962097, 0.20144568383693695, -0.6247084140777588, -0.9394720792770386, -0.2777940034866333, 0.5203306078910828, 0.943655252456665, 0.3996603190898895, -0.3968062400817871, -0.9699772596359253, -0.454339861869812, 0.29955053329467773, 0.969707190990448, 0.587548553943634, -0.21094653010368347, -0.9040342569351196, -0.7100154757499695, 0.04400197044014931, 0.8419105410575867, 0.7664051651954651, -0.0026689774822443724, -0.7720506191253662, -0.8604196310043335, -0.1385878324508667, 0.6619492173194885, 0.9271931648254395, 0.2185966968536377, -0.5425185561180115], [0.11414310336112976, -0.009785276837646961, -0.1497524380683899, -0.9679538607597351, -0.3706628382205963, 0.42302820086479187, 1.0, 0.45033666491508484, -0.2921481132507324, -0.9370606541633606, -0.5645214915275574, 0.175855815410614, 0.9137836694717407, 0.5930662751197815, -0.13785438239574432, -0.841364860534668, -0.7458539009094238, 0.027829863131046295, 0.738791823387146, 0.8425469994544983, 0.0917041227221489, -0.6440342664718628, -0.919159471988678, -0.14322887361049652, 0.5358322858810425, 0.9531118869781494, 0.33435961604118347, -0.46378767490386963, -0.959221363067627, -0.3883509933948517, 0.2547779977321625, 0.9743040800094604, -0.2706073224544525, -0.24822738766670227, -0.9070744514465332, -0.6270435452461243, 0.15091705322265625, 0.8655692934989929, 0.7376803755760193, -0.03782530501484871, -0.7614285349845886, -0.8197018504142761, -0.019021078944206238, 0.6821083426475525, 0.8802000880241394, 0.13164494931697845, -0.5573827624320984, -0.9321179389953613, -0.22577059268951416, 0.4846622943878174, 0.9783311486244202, 0.3216801881790161, -0.40171024203300476, -0.9760391712188721, -0.4881874620914459, 0.2689593732357025, 0.9533790946006775, 0.5518547892570496, -0.23501832783222198, -0.8853437304496765, -0.6658397316932678, 0.0784417912364006, 0.830810010433197, 0.7818425297737122, -0.020080389454960823, -0.7058460712432861, -0.8454912304878235, -0.09045127779245377, 0.6077903509140015, 0.9179338216781616, 0.27367445826530457, -0.5370864272117615, -0.9582700729370117, -0.25890710949897766, 0.4591287672519684, 0.968724250793457, 0.40839606523513794, -0.31309834122657776, -0.9578098654747009, -0.4690555930137634, 0.18228347599506378, 0.9235655069351196, 0.6056711077690125, -0.11079538613557816, -0.8548714518547058, -0.6753451228141785, 0.03312097489833832, 0.7483876347541809, 0.8469648957252502, 0.04545294865965843, -0.6815201044082642, -0.9002100229263306, -0.17536704242229462, 0.5894638299942017, 0.9421623945236206, 0.2646884024143219, -0.4864147901535034, -0.9642820954322815, -0.3135702908039093, 0.3332200348377228, 0.9816749095916748, 0.5180773735046387, -0.2893964946269989, -0.9199749231338501, -0.5595067143440247, 0.1551283895969391, 0.8859117031097412, 0.7031857967376709, -0.010960189625620842, -0.7972370982170105, -0.8041459321975708, -0.023579031229019165, 0.7237355709075928, 0.8910351991653442, 0.15217050909996033, -0.5917956829071045, -0.932060718536377, -0.20820780098438263, 0.516070544719696, 0.9772419333457947, 0.3458303213119507, -0.40125152468681335, -0.9713376760482788, -0.45824047923088074, 0.2841399013996124, 0.9498015642166138, 0.5658435225486755, -0.14884594082832336, -0.8883854746818542, -0.6729053854942322, 0.1106225848197937, 0.8522363305091858, 0.7509517669677734, -0.010810335166752338, -0.7458760738372803, -0.842619776725769, -0.09907155483961105, 0.634495735168457, 0.8912978768348694, 0.17020849883556366], [0.04893783852458, -0.3102957606315613, -0.06319984048604965, -0.521550714969635, -0.973206102848053, -0.31251728534698486, 0.45033666491508484, 1.0, 0.46558454632759094, -0.2781819701194763, -0.9738534092903137, -0.5646835565567017, 0.2027921974658966, 0.9462864398956299, 0.634212851524353, -0.08408879488706589, -0.887000322341919, -0.7361205816268921, -0.01618918590247631, 0.7864198088645935, 0.8426342010498047, 0.11457084864377975, -0.6615883708000183, -0.8952171802520752, -0.23962341248989105, 0.5791147947311401, 0.9745469689369202, 0.28141871094703674, -0.43011474609375, -0.9791794419288635, -0.4693969488143921, 0.32301875948905945, -0.1830781102180481, 0.5012837052345276, -0.2056916058063507, -0.9375607967376709, -0.6121466159820557, 0.10387343168258667, 0.881807267665863, 0.7082024812698364, 0.010316930711269379, -0.7971816658973694, -0.7767444849014282, -0.09004626423120499, 0.7462612390518188, 0.8701376914978027, 0.18067394196987152, -0.6215476393699646, -0.9287859201431274, -0.25505924224853516, 0.551405668258667, 0.9770700335502625, 0.34871625900268555, -0.37992388010025024, -0.9888473749160767, -0.47077158093452454, 0.2593317925930023, 0.9600149989128113, 0.5277812480926514, -0.16769012808799744, -0.9275471568107605, -0.6802784204483032, 0.06728780269622803, 0.840213418006897, 0.7397109270095825, 0.07448693364858627, -0.7845586538314819, -0.8415579795837402, -0.17465130984783173, 0.6694642305374146, 0.9326165914535522, 0.21958933770656586, -0.5511545538902283, -0.9541075229644775, -0.29689133167266846, 0.4533122479915619, 0.9875694513320923, 0.42901846766471863, -0.30991533398628235, -0.9758362770080566, -0.5259117484092712, 0.247638538479805, 0.9462018013000488, 0.6357563138008118, -0.0920766294002533, -0.9231908917427063, -0.7141730189323425, -0.02459467202425003, 0.770805835723877, 0.8094905018806458, 0.10919922590255737, -0.7014731764793396, -0.8940937519073486, -0.1910024881362915, 0.6572087407112122, 0.9421952962875366, 0.2807040512561798, -0.4915423095226288, -0.9622359275817871, -0.41039448976516724, 0.38133546710014343, 0.9805037379264832, 0.4757848083972931, -0.230826735496521, -0.9604864716529846, -0.5880904793739319, 0.11787093430757523, 0.8959847688674927, 0.7155483961105347, -0.03345852345228195, -0.8325047492980957, -0.7635430097579956, -0.06027408316731453, 0.7236295938491821, 0.8773480653762817, 0.18650850653648376, -0.6507120132446289, -0.918921947479248, -0.22047333419322968, 0.5102760195732117, 0.9723484516143799, 0.36292290687561035, -0.4531531035900116, -0.97861647605896, -0.45545583963394165, 0.2898613512516022, 0.9758358001708984, 0.599194347858429, -0.15070682764053345, -0.9213622212409973, -0.6461097002029419, 0.12270335853099823, 0.8733581304550171, 0.7542575001716614, 0.01716962829232216, -0.7755746245384216, -0.8381533622741699, -0.13464926183223724, 0.6918528079986572, 0.8953584432601929], [-0.18816401064395905, -0.38275468349456787, 0.024734269827604294, 0.2531376779079437, -0.5279753804206848, -0.9612086415290833, -0.2921481132507324, 0.46558454632759094, 1.0, 0.46052223443984985, -0.34185791015625, -0.9718481302261353, -0.5575931072235107, 0.31966301798820496, 0.9437313079833984, 0.6602057218551636, -0.17995843291282654, -0.8899815678596497, -0.7567167282104492, 0.03633318096399307, 0.7986882925033569, 0.8531595468521118, 0.1173548474907875, -0.7329930067062378, -0.9204597473144531, -0.17421571910381317, 0.5753380060195923, 0.96042799949646, 0.34926939010620117, -0.5066313147544861, -0.9866747856140137, -0.4488356113433838, 0.10234345495700836, 0.9871279001235962, 0.5416370630264282, -0.2526610493659973, -0.9602566957473755, -0.6405225396156311, 0.1415526568889618, 0.9004607796669006, 0.7266090512275696, -0.024212872609496117, -0.8492745161056519, -0.8247451186180115, 0.0002249153912998736, 0.7442055940628052, 0.8759210705757141, 0.1347045749425888, -0.6389144659042358, -0.9461596012115479, -0.2190096527338028, 0.5705738663673401, 0.9754488468170166, 0.37320080399513245, -0.4086308479309082, -0.9879108667373657, -0.4915069341659546, 0.34305036067962646, 0.9808946847915649, 0.5924493074417114, -0.23383775353431702, -0.9305335879325867, -0.6818200945854187, 0.08788730949163437, 0.8676369786262512, 0.7952812910079956, -0.024923576042056084, -0.7891557812690735, -0.8814754486083984, -0.07751601189374924, 0.6481335759162903, 0.9126423597335815, 0.22000141441822052, -0.6046178936958313, -0.9613300561904907, -0.3113269805908203, 0.49152863025665283, 0.9933631420135498, 0.44803738594055176, -0.43915286660194397, -0.9548227190971375, -0.5018602609634399, 0.2900959253311157, 0.9474523663520813, 0.6546779870986938, -0.24413608014583588, -0.8973648548126221, -0.7529658675193787, 0.0029421523213386536, 0.8247113227844238, 0.8338829278945923, 0.08176194131374359, -0.7346711158752441, -0.8931522369384766, -0.0945536196231842, 0.6147939562797546, 0.9485968351364136, 0.25557374954223633, -0.5837212204933167, -0.9819720983505249, -0.37340718507766724, 0.3855831027030945, 0.9941412806510925, 0.5234572887420654, -0.34489813446998596, -0.9594225287437439, -0.6219852566719055, 0.16679739952087402, 0.8945427536964417, 0.7123019695281982, -0.07653910666704178, -0.8513449430465698, -0.7915284037590027, -0.05323946103453636, 0.7475104331970215, 0.8946931958198547, 0.11612150818109512, -0.676361620426178, -0.9236279129981995, -0.26443740725517273, 0.5526381134986877, 0.9820822477340698, 0.3153460919857025, -0.4573690891265869, -0.9935982823371887, -0.4501112401485443, 0.3520680069923401, 0.9754726886749268, 0.6100108623504639, -0.2063959538936615, -0.9418861865997314, -0.6491789817810059, 0.15345467627048492, 0.8847400546073914, 0.7658693194389343, -0.005635084118694067, -0.7978084683418274, -0.8505486249923706, -0.06337029486894608, 0.7048999071121216], [-0.11182396113872528, -0.07253197580575943, 0.12007617205381393, 0.9245548248291016, 0.19794806838035583, -0.5892476439476013, -0.9370606541633606, -0.2781819701194763, 0.46052223443984985, 1.0, 0.3884828984737396, -0.3411805033683777, -0.9682081937789917, -0.41951966285705566, 0.2812492549419403, 0.9417863488197327, 0.5894988179206848, -0.18900716304779053, -0.8573431372642517, -0.7146381139755249, 0.0584714338183403, 0.7875275611877441, 0.8210494518280029, -0.024315668269991875, -0.6839661598205566, -0.9012137055397034, -0.1766587644815445, 0.6237996816635132, 0.9531753659248352, 0.22214551270008087, -0.43374955654144287, -0.9745758771896362, 0.3181461989879608, 0.41657793521881104, 0.9692631363868713, 0.4732622802257538, -0.31661537289619446, -0.9401262998580933, -0.6057231426239014, 0.20535266399383545, 0.8749912977218628, 0.7046903967857361, -0.15257751941680908, -0.8248484134674072, -0.7662980556488037, 0.007358580827713013, 0.7200530171394348, 0.8683052659034729, 0.08716659247875214, -0.6434739232063293, -0.9272342920303345, -0.16047857701778412, 0.568512499332428, 0.9720755815505981, 0.33102306723594666, -0.4432600140571594, -0.9814523458480835, -0.3678935170173645, 0.4013872444629669, 0.9675430655479431, 0.5074149370193481, -0.25468045473098755, -0.9273425340652466, -0.6467623710632324, 0.1647595912218094, 0.8429440855979919, 0.7279130816459656, -0.08341200649738312, -0.7562502026557922, -0.8316395878791809, -0.11761051416397095, 0.6943468451499939, 0.9031555652618408, 0.09720652550458908, -0.6084832549095154, -0.9548721313476562, -0.234526589512825, 0.48166990280151367, 0.9940983653068542, 0.3025037944316864, -0.36275795102119446, -0.97461998462677, -0.4558457136154175, 0.26412534713745117, 0.9447647929191589, 0.5058848857879639, -0.18943491578102112, -0.8676652312278748, -0.719183623790741, 0.10457195341587067, 0.8102991580963135, 0.8065060377120972, 0.01317496970295906, -0.7363894581794739, -0.8530355095863342, -0.1125839501619339, 0.6237515211105347, 0.933847963809967, 0.14998865127563477, -0.5065422058105469, -0.9613531827926636, -0.3671557307243347, 0.4405357241630554, 0.9887483716011047, 0.39307451248168945, -0.3231303095817566, -0.9463346004486084, -0.5678555965423584, 0.17422166466712952, 0.8954215049743652, 0.6620450615882874, -0.13059575855731964, -0.8388322591781616, -0.7818508148193359, 0.011946089565753937, 0.7357485294342041, 0.8597330451011658, 0.06044096499681473, -0.6745148301124573, -0.9288401007652283, -0.188940167427063, 0.5665300488471985, 0.9563780426979065, 0.28461945056915283, -0.4544888138771057, -0.9721431136131287, -0.38674861192703247, 0.32026979327201843, 0.9650875329971313, 0.5286481976509094, -0.29168611764907837, -0.9339290857315063, -0.5893735289573669, 0.17912578582763672, 0.8640739917755127, 0.7298399806022644, -0.07374938577413559, -0.7847529649734497, -0.8187234401702881, -0.03087208978831768], [-0.07997466623783112, 0.29422008991241455, 0.09040949493646622, 0.6303389072418213, 0.9400452375411987, 0.18540909886360168, -0.5645214915275574, -0.9738534092903137, -0.34185791015625, 0.3884828984737396, 1.0, 0.441834956407547, -0.3169536292552948, -0.9703361988067627, -0.5071952939033508, 0.202092707157135, 0.9456539154052734, 0.6186659932136536, -0.10014685988426208, -0.8671197891235352, -0.7417387962341309, -0.006248966790735722, 0.7543413639068604, 0.8188846707344055, 0.12020384520292282, -0.6807461977005005, -0.9189637899398804, -0.15782493352890015, 0.534624457359314, 0.9608150124549866, 0.3476368486881256, -0.4401834011077881, 0.1767783910036087, -0.37958380579948425, 0.31184953451156616, 0.9676145911216736, 0.4825717508792877, -0.22472645342350006, -0.9408127665519714, -0.5920090675354004, 0.09689361602067947, 0.8753802180290222, 0.6749967932701111, -0.040048688650131226, -0.8336849808692932, -0.768303632736206, -0.07386524230241776, 0.7135432362556458, 0.8600672483444214, 0.13272596895694733, -0.6537033915519714, -0.9272454380989075, -0.23009493947029114, 0.49336281418800354, 0.9844368100166321, 0.3538750112056732, -0.3778570890426636, -0.974225640296936, -0.40729618072509766, 0.2736419439315796, 0.9720824956893921, 0.5654609203338623, -0.1906343698501587, -0.9064405560493469, -0.6246917843818665, 0.033161718398332596, 0.8699688911437988, 0.7463468313217163, 0.051086608320474625, -0.7639756202697754, -0.864364743232727, -0.10659875720739365, 0.6647017598152161, 0.8976507186889648, 0.17090484499931335, -0.563832700252533, -0.9573830366134644, -0.3121599555015564, 0.42554962635040283, 0.9737534523010254, 0.4146532416343689, -0.3534868061542511, -0.9696087837219238, -0.5138688087463379, 0.20759844779968262, 0.9730727076530457, 0.6019120216369629, -0.08771147578954697, -0.8580125570297241, -0.7038217782974243, 0.012639984488487244, 0.7976741790771484, 0.8032082319259644, 0.06992395222187042, -0.7541254758834839, -0.8804945349693298, -0.15772269666194916, 0.599260151386261, 0.9193174242973328, 0.2890388071537018, -0.49299970269203186, -0.9765166640281677, -0.3489300012588501, 0.3512427508831024, 0.9864870309829712, 0.4674910604953766, -0.2412300556898117, -0.9447783827781677, -0.6096806526184082, 0.1446530818939209, 0.9127816557884216, 0.6594402194023132, -0.05872238054871559, -0.8167233467102051, -0.7902851104736328, -0.06889106333255768, 0.7479825615882874, 0.8458613157272339, 0.09705862402915955, -0.6264253854751587, -0.9166398048400879, -0.23613384366035461, 0.5564795136451721, 0.9729532599449158, 0.3325325846672058, -0.40326017141342163, -0.9863010048866272, -0.4830690324306488, 0.2709370255470276, 0.9669873714447021, 0.5249449610710144, -0.2394925206899643, -0.9373837113380432, -0.646771252155304, 0.09132345765829086, 0.8601039052009583, 0.7436493039131165, 0.01510369498282671, -0.7828127145767212, -0.8094870448112488], [0.17562197148799896, 0.3548133671283722, -0.041579607874155045, -0.14985857903957367, 0.6337836980819702, 0.9086855053901672, 0.175855815410614, -0.5646835565567017, -0.9718481302261353, -0.3411805033683777, 0.441834956407547, 1.0, 0.4503096640110016, -0.4073721766471863, -0.968804657459259, -0.5339332222938538, 0.2793789803981781, 0.9500477910041809, 0.6605334877967834, -0.12724465131759644, -0.8746967911720276, -0.7575892210006714, -0.020297251641750336, 0.8207414150238037, 0.8418734073638916, 0.07396147400140762, -0.6850646138191223, -0.8877582550048828, -0.2535680830478668, 0.6013400554656982, 0.9788053035736084, 0.3282480239868164, -0.1036529392004013, -0.9864727854728699, -0.4406335651874542, 0.35207700729370117, 0.9768584966659546, 0.5220608115196228, -0.25009191036224365, -0.9466840624809265, -0.6184260845184326, 0.11717557907104492, 0.9203625321388245, 0.7109648585319519, -0.09644468873739243, -0.8127668499946594, -0.8085548877716064, -0.0324983112514019, 0.722787082195282, 0.8719655871391296, 0.10406266152858734, -0.6668163537979126, -0.9315215945243835, -0.2552891671657562, 0.5138935446739197, 0.9762284159660339, 0.3678906261920929, -0.4543464183807373, -0.9744755625724792, -0.4818759560585022, 0.3240068554878235, 0.970148503780365, 0.5580152869224548, -0.1795424520969391, -0.9330815076828003, -0.6868367195129395, 0.12138493359088898, 0.8659914135932922, 0.7976338267326355, -0.02834410034120083, -0.7577813267707825, -0.8319627642631531, -0.10440529137849808, 0.6970071792602539, 0.898250162601471, 0.19701063632965088, -0.5979900360107422, -0.9693926572799683, -0.3263107240200043, 0.5272358655929565, 0.9775866866111755, 0.38412415981292725, -0.39712950587272644, -0.9835029244422913, -0.5293325781822205, 0.3351043462753296, 0.9473926424980164, 0.6559319496154785, -0.11753664165735245, -0.8869003057479858, -0.7261987924575806, 0.007150015328079462, 0.82450932264328, 0.791655957698822, -0.012527862563729286, -0.7229186296463013, -0.8869004845619202, -0.16162250936031342, 0.659393310546875, 0.9507297277450562, 0.2560853362083435, -0.4882466793060303, -0.9737027883529663, -0.4091563820838928, 0.4397340416908264, 0.9713467955589294, 0.49169090390205383, -0.27709725499153137, -0.9580464959144592, -0.6128218173980713, 0.1777452975511551, 0.918685257434845, 0.6841844916343689, -0.055850837379693985, -0.8437649607658386, -0.7972933053970337, -0.015508633106946945, 0.7717090249061584, 0.8397447466850281, 0.15443409979343414, -0.6497468948364258, -0.9271011352539062, -0.2166077345609665, 0.5693339705467224, 0.9665907025337219, 0.3483997881412506, -0.45568811893463135, -0.9853241443634033, -0.49351826310157776, 0.2982490360736847, 0.9696393609046936, 0.5330620408058167, -0.24889659881591797, -0.9433181881904602, -0.6609198451042175, 0.09629563242197037, 0.869353711605072, 0.7554360628128052, -0.03316473215818405, -0.7802320122718811], [0.1523251086473465, 0.08392389118671417, -0.12992358207702637, -0.8756734728813171, -0.1360195279121399, 0.6746628880500793, 0.9137836694717407, 0.2027921974658966, -0.5575931072235107, -0.9682081937789917, -0.3169536292552948, 0.4503096640110016, 1.0, 0.3480302393436432, -0.37423816323280334, -0.961676836013794, -0.5156190991401672, 0.28134602308273315, 0.9342448711395264, 0.6488605737686157, -0.150935098528862, -0.8630616664886475, -0.7727795243263245, 0.10484272986650467, 0.7695085406303406, 0.8394786715507507, 0.09089014679193497, -0.7073441743850708, -0.9262248873710632, -0.15126091241836548, 0.5422480702400208, 0.9636715054512024, -0.3283800780773163, -0.516239583492279, -0.983224093914032, -0.4147545397281647, 0.3980945944786072, 0.9764997959136963, 0.5157261490821838, -0.2853836119174957, -0.9186354875564575, -0.6418570876121521, 0.23122698068618774, 0.8778300881385803, 0.6942607164382935, -0.08615275472402573, -0.8081558346748352, -0.7965593934059143, -0.016538573428988457, 0.7265461087226868, 0.8749855160713196, 0.08352196961641312, -0.6695464849472046, -0.9313297271728516, -0.25649771094322205, 0.5419866442680359, 0.9721117615699768, 0.2975533604621887, -0.4889814257621765, -0.9887591600418091, -0.4398214519023895, 0.3382686674594879, 0.9592018127441406, 0.576130747795105, -0.26517510414123535, -0.8983210325241089, -0.6485123634338379, 0.15109427273273468, 0.8422228693962097, 0.7573641538619995, 0.027087606489658356, -0.7739804983139038, -0.8347485661506653, -0.032855451107025146, 0.7018980979919434, 0.9101529121398926, 0.16831675171852112, -0.585485577583313, -0.9644718170166016, -0.22854769229888916, 0.47221261262893677, 0.9824252724647522, 0.37070244550704956, -0.37504708766937256, -0.9707056283950806, -0.431559681892395, 0.27334845066070557, 0.9309852719306946, 0.6371710896492004, -0.1878405064344406, -0.87407386302948, -0.7440323233604431, 0.06073194369673729, 0.8060511350631714, 0.7845087051391602, 0.02868977189064026, -0.7255633473396301, -0.8920710682868958, -0.08165213465690613, 0.6078091263771057, 0.9477267265319824, 0.29434847831726074, -0.5432962775230408, -0.9766766428947449, -0.32007789611816406, 0.40484490990638733, 0.9601348638534546, 0.4883987009525299, -0.27427616715431213, -0.9526304006576538, -0.5837490558624268, 0.2133045792579651, 0.9094560146331787, 0.705267608165741, -0.0992429256439209, -0.8091000318527222, -0.7937306761741638, 0.022651303559541702, 0.7588503956794739, 0.8836866021156311, 0.12293978035449982, -0.6609620451927185, -0.9312276244163513, -0.1991363912820816, 0.5533621907234192, 0.9781423211097717, 0.318012535572052, -0.4204410910606384, -0.9802351593971252, -0.46110907196998596, 0.3715961277484894, 0.9792017936706543, 0.5195707082748413, -0.2722177505493164, -0.9247206449508667, -0.6717816591262817, 0.14321377873420715, 0.8613676428794861, 0.7471306324005127, -0.048941392451524734], [0.10288901627063751, -0.3336052894592285, -0.05171707645058632, -0.6778952479362488, -0.9005613923072815, -0.1853034794330597, 0.5930662751197815, 0.9462864398956299, 0.31966301798820496, -0.41951966285705566, -0.9703361988067627, -0.4073721766471863, 0.3480302393436432, 1.0, 0.47772932052612305, -0.21443723142147064, -0.9578760862350464, -0.5640656352043152, 0.11094648391008377, 0.9017307162284851, 0.6888530850410461, -0.012078963220119476, -0.8091889023780823, -0.7669969201087952, -0.11756180971860886, 0.7230865359306335, 0.8782411813735962, 0.1570088416337967, -0.5810604691505432, -0.9251592755317688, -0.33003947138786316, 0.46265241503715515, -0.2279549539089203, 0.3523028492927551, -0.3396272659301758, -0.9789428114891052, -0.4563986361026764, 0.24656952917575836, 0.9503294229507446, 0.5498273372650146, -0.10701420903205872, -0.9086233973503113, -0.6272021532058716, 0.03533768281340599, 0.8675597906112671, 0.7396674156188965, 0.06578871607780457, -0.7423370480537415, -0.8172328472137451, -0.13244783878326416, 0.6870599985122681, 0.8889920115470886, 0.20952630043029785, -0.5327883958816528, -0.951550304889679, -0.32798075675964355, 0.4124123156070709, 0.9770472645759583, 0.37823793292045593, -0.31636789441108704, -0.9754849672317505, -0.5301761627197266, 0.20535463094711304, 0.9292464256286621, 0.568858802318573, -0.04611460492014885, -0.8872539401054382, -0.6935821175575256, -0.04047257453203201, 0.8124462366104126, 0.8117219805717468, 0.10121326148509979, -0.6829670667648315, -0.8599593043327332, -0.17338372766971588, 0.6099070906639099, 0.9312562942504883, 0.28472599387168884, -0.4543735980987549, -0.9611751437187195, -0.39381641149520874, 0.38100460171699524, 0.9800312519073486, 0.4831978678703308, -0.23150236904621124, -0.9805867075920105, -0.5549099445343018, 0.09735952317714691, 0.8857226967811584, 0.6600140333175659, -0.008706978522241116, -0.8289278149604797, -0.7589974999427795, -0.07067766040563583, 0.7795819640159607, 0.8227434754371643, 0.15905527770519257, -0.6335152983665466, -0.8755523562431335, -0.27024003863334656, 0.5265247821807861, 0.9637084007263184, 0.3229111433029175, -0.3800714612007141, -0.9727606773376465, -0.43878263235092163, 0.24730