1.000000000000000000e+00,-9.060212969779968262e-01,-8.926431536674499512e-01,-9.150001406669616699e-01,-9.304677844047546387e-01,-9.214054942131042480e-01,-9.149277210235595703e-01,-9.301769137382507324e-01,-9.244458675384521484e-01,-9.124389290809631348e-01,-8.829327821731567383e-01,-9.209281802177429199e-01,9.528949260711669922e-01,-9.300646781921386719e-01,8.345475196838378906e-01,-9.382014870643615723e-01,-9.365488290786743164e-01,-9.266046881675720215e-01,-9.195482134819030762e-01,-5.287269949913024902e-01,-9.278095960617065430e-01,-9.331229925155639648e-01,-9.263854026794433594e-01,-9.183120131492614746e-01,6.660924553871154785e-01,7.946821451187133789e-01,-9.103471636772155762e-01,-9.119454622268676758e-01,-9.244461059570312500e-01,-9.150781631469726562e-01,-8.878474831581115723e-01,9.699835777282714844e-01,-9.115908145904541016e-01,-9.122591018676757812e-01,-9.107554554939270020e-01,5.949791669845581055e-01,-9.278624057769775391e-01,-9.271253943443298340e-01,-9.189653992652893066e-01,-9.384280443191528320e-01,-8.787700533866882324e-01,3.680248260498046875e-01,-7.252041697502136230e-01,-8.815234899520874023e-01,-9.095883965492248535e-01,-9.199522137641906738e-01,9.556167125701904297e-01,-9.294410943984985352e-01,-9.285406470298767090e-01,-9.134731888771057129e-01,-9.276975393295288086e-01,-9.278039336204528809e-01,-9.223555922508239746e-01,-9.267784953117370605e-01,-9.180902242660522461e-01,-9.250537753105163574e-01,-8.008881211280822754e-01,-9.201009273529052734e-01,-4.833933413028717041e-01,4.588324427604675293e-01,-5.290712714195251465e-01,-7.302572131156921387e-01,-6.622800230979919434e-01,-1.790163666009902954e-01
-9.060212969779968262e-01,1.000000000000000000e+00,9.948079586029052734e-01,9.969621300697326660e-01,9.919928312301635742e-01,9.949027895927429199e-01,9.988493919372558594e-01,9.940000176429748535e-01,9.936432242393493652e-01,9.969247579574584961e-01,9.901955723762512207e-01,9.927163720130920410e-01,-9.363368749618530273e-01,9.929999709129333496e-01,-7.391601800918579102e-01,9.920133352279663086e-01,9.894750118255615234e-01,9.942585229873657227e-01,9.964799284934997559e-01,7.028510570526123047e-01,9.896113872528076172e-01,9.962003827095031738e-01,9.953826665878295898e-01,9.911474585533142090e-01,-5.535497665405273438e-01,-7.279224395751953125e-01,9.981824159622192383e-01,9.948821067810058594e-01,9.954513907432556152e-01,9.948748946189880371e-01,9.916306138038635254e-01,-8.977518081665039062e-01,9.965015053749084473e-01,9.961366057395935059e-01,9.971072673797607422e-01,-4.389928281307220459e-01,9.955791234970092773e-01,9.938650727272033691e-01,9.964472651481628418e-01,9.921889305114746094e-01,9.905791282653808594e-01,-1.305420696735382080e-01,8.955521583557128906e-01,9.252105355262756348e-01,9.943820238113403320e-01,9.884953498840332031e-01,-9.573096632957458496e-01,9.953753948211669922e-01,9.815550446510314941e-01,9.964979290962219238e-01,9.938065409660339355e-01,9.956291913986206055e-01,9.956575632095336914e-01,9.962174892425537109e-01,9.941899180412292480e-01,9.968232512474060059e-01,9.655408263206481934e-01,9.931754469871520996e-01,7.388948202133178711e-01,-3.279831111431121826e-01,8.043463230133056641e-01,8.063732385635375977e-01,7.323060035705566406e-01,2.629631161689758301e-01
-8.926431536674499512e-01,9.948079586029052734e-01,1.000000000000000000e+00,9.950529336929321289e-01,9.936453104019165039e-01,9.960110187530517578e-01,9.968634247779846191e-01,9.937513470649719238e-01,9.892065525054931641e-01,9.966524839401245117e-01,9.807496070861816406e-01,9.961724877357482910e-01,-9.351444840431213379e-01,9.939454793930053711e-01,-7.366555333137512207e-01,9.911196231842041016e-01,9.908853769302368164e-01,9.951887726783752441e-01,9.946267008781433105e-01,6.641659736633300781e-01,9.933704733848571777e-01,9.910113215446472168e-01,9.947892427444458008e-01,9.960681796073913574e-01,-5.968058705329895020e-01,-7.584342360496520996e-01,9.945119023323059082e-01,9.981435537338256836e-01,9.944612383842468262e-01,9.952646493911743164e-01,9.951953291893005371e-01,-8.834867477416992188e-01,9.966594576835632324e-01,9.967978596687316895e-01,9.954620003700256348e-01,-4.828624427318572998e-01,9.931756854057312012e-01,9.946953654289245605e-01,9.961977601051330566e-01,9.891693592071533203e-01,9.833678603172302246e-01,-1.221029385924339294e-01,8.867455124855041504e-01,9.155029058456420898e-01,9.926673769950866699e-01,9.912590980529785156e-01,-9.553773403167724609e-01,9.918001890182495117e-01,9.824849963188171387e-01,9.912481307983398438e-01,9.950017333030700684e-01,9.949868917465209961e-01,9.963190555572509766e-01,9.938446879386901855e-01,9.964154362678527832e-01,9.941327571868896484e-01,9.646197557449340820e-01,9.962046146392822266e-01,7.268568277359008789e-01,-3.228083848953247070e-01,8.160470724105834961e-01,8.181888461112976074e-01,7.414729595184326172e-01,2.680023908615112305e-01
-9.150001406669616699e-01,9.969621300697326660e-01,9.950529336929321289e-01,1.000000000000000000e+00,9.960808753967285156e-01,9.983350634574890137e-01,9.982933402061462402e-01,9.963183999061584473e-01,9.959982037544250488e-01,9.967262744903564453e-01,9.847527742385864258e-01,9.946799278259277344e-01,-9.501528739929199219e-01,9.958990216255187988e-01,-7.601888179779052734e-01,9.956306815147399902e-01,9.944555163383483887e-01,9.969909191131591797e-01,9.970473647117614746e-01,6.790326833724975586e-01,9.944646358489990234e-01,9.975939393043518066e-01,9.969966411590576172e-01,9.942451715469360352e-01,-5.864220261573791504e-01,-7.429451346397399902e-01,9.968395233154296875e-01,9.959124326705932617e-01,9.982584118843078613e-01,9.971976280212402344e-01,9.944438338279724121e-01,-9.010586738586425781e-01,9.987204074859619141e-01,9.981844425201416016e-01,9.978910684585571289e-01,-4.815692901611328125e-01,9.986782670021057129e-01,9.969285130500793457e-01,9.966314435005187988e-01,9.963263869285583496e-01,9.844694733619689941e-01,-1.769235283136367798e-01,8.792557716369628906e-01,9.375605583190917969e-01,9.947693943977355957e-01,9.895476698875427246e-01,-9.686293005943298340e-01,9.978501200675964355e-01,9.893116950988769531e-01,9.946838021278381348e-01,9.967690706253051758e-01,9.975834488868713379e-01,9.977494478225708008e-01,9.967648386955261230e-01,9.959284067153930664e-01,9.982528686523437500e-01,9.534760117530822754e-01,9.962556362152099609e-01,7.097507715225219727e-01,-3.733404576778411865e-01,7.769756317138671875e-01,8.011532425880432129e-01,7.352037429809570312e-01,2.603846192359924316e-01
-9.304677844047546387e-01,9.919928312301635742e-01,9.936453104019165039e-01,9.960808753967285156e-01,1.000000000000000000e+00,9.986528754234313965e-01,9.963386654853820801e-01,9.983875751495361328e-01,9.931118488311767578e-01,9.955441355705261230e-01,9.725447893142700195e-01,9.978693723678588867e-01,-9.640865921974182129e-01,9.985203742980957031e-01,-7.884097695350646973e-01,9.979809522628784180e-01,9.988931417465209961e-01,9.987606406211853027e-01,9.962684512138366699e-01,6.305360198020935059e-01,9.982389807701110840e-01,9.966059923171997070e-01,9.982988834381103516e-01,9.975752830505371094e-01,-6.400431990623474121e-01,-7.832500934600830078e-01,9.935287237167358398e-01,9.975427389144897461e-01,9.982790946960449219e-01,9.968148469924926758e-01,9.911222457885742188e-01,-9.189984798431396484e-01,9.966718554496765137e-01,9.974077939987182617e-01,9.945585131645202637e-01,-5.374450683593750000e-01,9.979581236839294434e-01,9.987527132034301758e-01,9.972691535949707031e-01,9.977352619171142578e-01,9.748035073280334473e-01,-1.957414150238037109e-01,8.549451828002929688e-01,9.264178276062011719e-01,9.905654191970825195e-01,9.931952357292175293e-01,-9.791411757469177246e-01,9.964858889579772949e-01,9.908682703971862793e-01,9.910519719123840332e-01,9.986182451248168945e-01,9.986165165901184082e-01,9.984009861946105957e-01,9.973183274269104004e-01,9.970059990882873535e-01,9.972176551818847656e-01,9.379439353942871094e-01,9.986301064491271973e-01,6.732442975044250488e-01,-3.725884556770324707e-01,7.521639466285705566e-01,8.122720718383789062e-01,7.398161292076110840e-01,2.557984590530395508e-01
-9.214054942131042480e-01,9.949027895927429199e-01,9.960110187530517578e-01,9.983350634574890137e-01,9.986528754234313965e-01,1.000000000000000000e+00,9.980266094207763672e-01,9.982362389564514160e-01,9.949176907539367676e-01,9.972643256187438965e-01,9.791778326034545898e-01,9.978809952735900879e-01,-9.573367238044738770e-01,9.985456466674804688e-01,-7.719849348068237305e-01,9.980646371841430664e-01,9.978199601173400879e-01,9.992823004722595215e-01,9.974642395973205566e-01,6.533561944961547852e-01,9.979743361473083496e-01,9.972262382507324219e-01,9.985069632530212402e-01,9.974139332771301270e-01,-6.166196465492248535e-01,-7.633606791496276855e-01,9.955625534057617188e-01,9.982260465621948242e-01,9.989866018295288086e-01,9.983636736869812012e-01,9.944857358932495117e-01,-9.070998430252075195e-01,9.986919760704040527e-01,9.990108013153076172e-01,9.964762330055236816e-01,-5.169788002967834473e-01,9.987379908561706543e-01,9.989743828773498535e-01,9.975821971893310547e-01,9.976741075515747070e-01,9.793931245803833008e-01,-1.880724877119064331e-01,8.683212399482727051e-01,9.350833296775817871e-01,9.944893717765808105e-01,9.919875264167785645e-01,-9.741062521934509277e-01,9.981756806373596191e-01,9.913889765739440918e-01,9.934436082839965820e-01,9.991042613983154297e-01,9.991524815559387207e-01,9.993502497673034668e-01,9.973560571670532227e-01,9.981234669685363770e-01,9.984942078590393066e-01,9.469614028930664062e-01,9.990171790122985840e-01,6.909089088439941406e-01,-3.736714422702789307e-01,7.685319185256958008e-01,8.136149644851684570e-01,7.445339560508728027e-01,2.578574120998382568e-01
-9.149277210235595703e-01,9.988493919372558594e-01,9.968634247779846191e-01,9.982933402061462402e-01,9.963386654853820801e-01,9.980266094207763672e-01,1.000000000000000000e+00,9.974378943443298340e-01,9.951891899108886719e-01,9.985301494598388672e-01,9.858970642089843750e-01,9.967705011367797852e-01,-9.463846683502197266e-01,9.968304038047790527e-01,-7.552161216735839844e-01,9.957969784736633301e-01,9.945460557937622070e-01,9.977874159812927246e-01,9.980868101119995117e-01,6.782834529876708984e-01,9.947077631950378418e-01,9.979285001754760742e-01,9.983106851577758789e-01,9.958544373512268066e-01,-5.859655141830444336e-01,-7.509029507637023926e-01,9.985074400901794434e-01,9.980298280715942383e-01,9.981564879417419434e-01,9.973392486572265625e-01,9.930953383445739746e-01,-9.054202437400817871e-01,9.984174966812133789e-01,9.983203411102294922e-01,9.982556700706481934e-01,-4.740439653396606445e-01,9.979622960090637207e-01,9.974804520606994629e-01,9.987840056419372559e-01,9.955388903617858887e-01,9.870249032974243164e-01,-1.497581899166107178e-01,8.850585222244262695e-01,9.260396957397460938e-01,9.951373338699340820e-01,9.926576614379882812e-01,-9.655811786651611328e-01,9.972833395004272461e-01,9.865034222602844238e-01,9.963902831077575684e-01,9.975233078002929688e-01,9.985501766204833984e-01,9.986300468444824219e-01,9.985079765319824219e-01,9.974687695503234863e-01,9.987075924873352051e-01,9.595925211906433105e-01,9.971193671226501465e-01,7.191339731216430664e-01,-3.422665894031524658e-01,7.912037372589111328e-01,8.114632368087768555e-01,7.362205982208251953e-01,2.609679698944091797e-01
-9.301769137382507324e-01,9.940000176429748535e-01,9.937513470649719238e-01,9.963183999061584473e-01,9.983875751495361328e-01,9.982362389564514160e-01,9.974378943443298340e-01,1.000000000000000000e+00,9.938035607337951660e-01,9.964184761047363281e-01,9.752247333526611328e-01,9.983937740325927734e-01,-9.634336829185485840e-01,9.988563656806945801e-01,-7.914336323738098145e-01,9.984169006347656250e-01,9.981829524040222168e-01,9.987314343452453613e-01,9.955274462699890137e-01,6.394551396369934082e-01,9.973002672195434570e-01,9.976860284805297852e-01,9.994074702262878418e-01,9.976099729537963867e-01,-6.331386566162109375e-01,-7.813476920127868652e-01,9.953103661537170410e-01,9.978511333465576172e-01,9.983649849891662598e-01,9.974459409713745117e-01,9.901181459426879883e-01,-9.220862388610839844e-01,9.975999593734741211e-01,9.975509047508239746e-01,9.946979284286499023e-01,-5.238564014434814453e-01,9.975100755691528320e-01,9.996182322502136230e-01,9.983193278312683105e-01,9.978190064430236816e-01,9.765813350677490234e-01,-1.929689645767211914e-01,8.604949116706848145e-01,9.224492311477661133e-01,9.913250803947448730e-01,9.930481314659118652e-01,-9.784616231918334961e-01,9.964423775672912598e-01,9.864588379859924316e-01,9.921262264251708984e-01,9.988299012184143066e-01,9.990271329879760742e-01,9.985129833221435547e-01,9.982810020446777344e-01,9.976558089256286621e-01,9.979546070098876953e-01,9.410127997398376465e-01,9.985764622688293457e-01,6.757020950317382812e-01,-3.545088469982147217e-01,7.602869868278503418e-01,8.041408658027648926e-01,7.299171686172485352e-01,2.558337450027465820e-01
-9.244458675384521484e-01,9.936432242393493652e-01,9.892065525054931641e-01,9.959982037544250488e-01,9.931118488311767578e-01,9.949176907539367676e-01,9.951891899108886719e-01,9.938035607337951660e-01,1.000000000000000000e+00,9.944204688072204590e-01,9.859417080879211426e-01,9.912675619125366211e-01,-9.484763145446777344e-01,9.936598539352416992e-01,-7.522072196006774902e-01,9.941413998603820801e-01,9.920629858970642090e-01,9.941419959068298340e-01,9.932482838630676270e-01,6.833905577659606934e-01,9.919821619987487793e-01,9.967672228813171387e-01,9.933173656463623047e-01,9.892653822898864746e-01,-5.753369331359863281e-01,-7.398223280906677246e-01,9.940106868743896484e-01,9.912694096565246582e-01,9.950696825981140137e-01,9.923188090324401855e-01,9.871651530265808105e-01,-9.082841277122497559e-01,9.945362806320190430e-01,9.933246970176696777e-01,9.935583472251892090e-01,-4.726493656635284424e-01,9.973827004432678223e-01,9.943165183067321777e-01,9.929409623146057129e-01,9.941344857215881348e-01,9.815929532051086426e-01,-1.924973428249359131e-01,8.865507245063781738e-01,9.409762024879455566e-01,9.938446879386901855e-01,9.890737533569335938e-01,-9.670141339302062988e-01,9.959276318550109863e-01,9.877635240554809570e-01,9.930196404457092285e-01,9.945935010910034180e-01,9.950644969940185547e-01,9.943095445632934570e-01,9.945257306098937988e-01,9.931553006172180176e-01,9.956605434417724609e-01,9.480909109115600586e-01,9.918267130851745605e-01,7.082079052925109863e-01,-3.876820206642150879e-01,7.603076696395874023e-01,7.998923063278198242e-01,7.358985543251037598e-01,2.546458244323730469e-01
-9.124389290809631348e-01,9.969247579574584961e-01,9.966524839401245117e-01,9.967262744903564453e-01,9.955441355705261230e-01,9.972643256187438965e-01,9.985301494598388672e-01,9.964184761047363281e-01,9.944204688072204590e-01,1.000000000000000000e+00,9.859126806259155273e-01,9.971812963485717773e-01,-9.417979717254638672e-01,9.966639876365661621e-01,-7.449055314064025879e-01,9.950506091117858887e-01,9.937003254890441895e-01,9.974637031555175781e-01,9.976139664649963379e-01,6.767639517784118652e-01,9.946959614753723145e-01,9.960397481918334961e-01,9.971686005592346191e-01,9.956541061401367188e-01,-5.873470306396484375e-01,-7.530579566955566406e-01,9.974263310432434082e-01,9.975002408027648926e-01,9.967066049575805664e-01,9.963410496711730957e-01,9.915319681167602539e-01,-9.005963206291198730e-01,9.968803524971008301e-01,9.967364668846130371e-01,9.965626597404479980e-01,-4.762695133686065674e-01,9.963879585266113281e-01,9.965656995773315430e-01,9.977808594703674316e-01,9.935874938964843750e-01,9.863324165344238281e-01,-1.412594020366668701e-01,8.885437250137329102e-01,9.235599637031555176e-01,9.957317709922790527e-01,9.935324788093566895e-01,-9.616358280181884766e-01,9.962005019187927246e-01,9.853264093399047852e-01,9.956613183021545410e-01,9.973835945129394531e-01,9.978517293930053711e-01,9.981098175048828125e-01,9.969614148139953613e-01,9.980868101119995117e-01,9.974450469017028809e-01,9.611427783966064453e-01,9.965054988861083984e-01,7.211833000183105469e-01,-3.377131819725036621e-01,7.968388795852661133e-01,8.228518962860107422e-01,7.471511960029602051e-01,2.575422227382659912e-01
-8.829327821731567383e-01,9.901955723762512207e-01,9.807496070861816406e-01,9.847527742385864258e-01,9.725447893142700195e-01,9.791778326034545898e-01,9.858970642089843750e-01,9.752247333526611328e-01,9.859417080879211426e-01,9.859126806259155273e-01,1.000000000000000000e+00,9.746295213699340820e-01,-8.937788605690002441e-01,9.760347604751586914e-01,-6.598796248435974121e-01,9.754046201705932617e-01,9.685304164886474609e-01,9.777603149414062500e-01,9.847346544265747070e-01,7.748157978057861328e-01,9.702427387237548828e-01,9.819358587265014648e-01,9.766508936882019043e-01,9.708974957466125488e-01,-4.553971290588378906e-01,-6.568946242332458496e-01,9.859973192214965820e-01,9.767646193504333496e-01,9.784032106399536133e-01,9.775023460388183594e-01,9.769943356513977051e-01,-8.653326630592346191e-01,9.808325171470642090e-01,9.788997769355773926e-01,9.838513731956481934e-01,-3.504956364631652832e-01,9.816465973854064941e-01,9.754148721694946289e-01,9.784421324729919434e-01,9.734447002410888672e-01,9.914564490318298340e-01,-9.240061044692993164e-02,9.341761469841003418e-01,9.339958429336547852e-01,9.905423521995544434e-01,9.714319109916687012e-01,-9.212185740470886230e-01,9.831988215446472168e-01,9.647896885871887207e-01,9.888622760772705078e-01,9.777586460113525391e-01,9.797703623771667480e-01,9.801043272018432617e-01,9.808393716812133789e-01,9.793344140052795410e-01,9.831115007400512695e-01,9.763541817665100098e-01,9.735262989997863770e-01,7.931948900222778320e-01,-3.179056942462921143e-01,8.279221057891845703e-01,8.080815076828002930e-01,7.447003722190856934e-01,2.549405395984649658e-01
-9.209281802177429199e-01,9.927163720130920410e-01,9.961724877357482910e-01,9.946799278259277344e-01,9.978693723678588867e-01,9.978809952735900879e-01,9.967705011367797852e-01,9.983937740325927734e-01,9.912675619125366211e-01,9.971812963485717773e-01,9.746295213699340820e-01,1.000000000000000000e+00,-9.554136395454406738e-01,9.987625479698181152e-01,-7.739985585212707520e-01,9.970234632492065430e-01,9.973621368408203125e-01,9.989672303199768066e-01,9.957073330879211426e-01,6.329543590545654297e-01,9.981657266616821289e-01,9.948889017105102539e-01,9.984068274497985840e-01,9.990282654762268066e-01,-6.366739869117736816e-01,-7.851275205612182617e-01,9.943672418594360352e-01,9.992177486419677734e-01,9.970396161079406738e-01,9.966341853141784668e-01,9.911660552024841309e-01,-9.116728901863098145e-01,9.965966939926147461e-01,9.971417784690856934e-01,9.938109517097473145e-01,-5.285452008247375488e-01,9.957132935523986816e-01,9.986165761947631836e-01,9.981241822242736816e-01,9.950193762779235840e-01,9.760295152664184570e-01,-1.697967797517776489e-01,8.644819855690002441e-01,9.169369339942932129e-01,9.920725822448730469e-01,9.950948953628540039e-01,-9.718340039253234863e-01,9.949440360069274902e-01,9.865736961364746094e-01,9.912328720092773438e-01,9.990143775939941406e-01,9.986543655395507812e-01,9.987332224845886230e-01,9.969189763069152832e-01,9.986485838890075684e-01,9.963660836219787598e-01,9.472542405128479004e-01,9.991159439086914062e-01,6.847507953643798828e-01,-3.442265093326568604e-01,7.771586775779724121e-01,8.204723000526428223e-01,7.425204515457153320e-01,2.562586665153503418e-01
9.528949260711669922e-01,-9.363368749618530273e-01,-9.351444840431213379e-01,-9.501528739929199219e-01,-9.640865921974182129e-01,-9.573367238044738770e-01,-9.463846683502197266e-01,-9.634336829185485840e-01,-9.484763145446777344e-01,-9.417979717254638672e-01,-8.937788605690002441e-01,-9.554136395454406738e-01,1.000000000000000000e+00,-9.604427218437194824e-01,9.118473529815673828e-01,-9.648697972297668457e-01,-9.697934985160827637e-01,-9.583709239959716797e-01,-9.454478621482849121e-01,-4.700695872306823730e-01,-9.623385667800903320e-01,-9.590069651603698730e-01,-9.608762860298156738e-01,-9.559699296951293945e-01,7.629914879798889160e-01,8.286523818969726562e-01,-9.426838755607604980e-01,-9.516196846961975098e-01,-9.606969356536865234e-01,-9.560937881469726562e-01,-9.410698413848876953e-01,9.432358145713806152e-01,-9.540027379989624023e-01,-9.554574489593505859e-01,-9.434771537780761719e-01,6.809914112091064453e-01,-9.578794240951538086e-01,-9.633499383926391602e-01,-9.540619850158691406e-01,-9.702785611152648926e-01,-8.934897184371948242e-01,4.039581418037414551e-01,-7.102400064468383789e-01,-8.953005671501159668e-01,-9.304260611534118652e-01,-9.465683102607727051e-01,9.975609183311462402e-01,-9.552973508834838867e-01,-9.585415720939636230e-01,-9.342603683471679688e-01,-9.583234190940856934e-01,-9.578225612640380859e-01,-9.551432728767395020e-01,-9.544051289558410645e-01,-9.499069452285766602e-01,-9.540289640426635742e-01,-8.201699256896972656e-01,-9.602017998695373535e-01,-4.750269949436187744e-01,4.713801145553588867e-01,-5.740694403648376465e-01,-7.189691662788391113e-01,-6.552872061729431152e-01,-2.365324497222900391e-01
-9.300646781921386719e-01,9.929999709129333496e-01,9.939454793930053711e-01,9.958990216255187988e-01,9.985203742980957031e-01,9.985456466674804688e-01,9.968304038047790527e-01,9.988563656806945801e-01,9.936598539352416992e-01,9.966639876365661621e-01,9.760347604751586914e-01,9.987625479698181152e-01,-9.604427218437194824e-01,1.000000000000000000e+00,-7.793521285057067871e-01,9.986273050308227539e-01,9.984009861946105957e-01,9.992874264717102051e-01,9.965794682502746582e-01,6.401374340057373047e-01,9.980747699737548828e-01,9.967724680900573730e-01,9.986240267753601074e-01,9.977502226829528809e-01,-6.312117576599121094e-01,-7.786346673965454102e-01,9.944629669189453125e-01,9.977777600288391113e-01,9.979753494262695312e-01,9.970770478248596191e-01,9.904007315635681152e-01,-9.195515513420104980e-01,9.968351125717163086e-01,9.970516562461853027e-01,9.943092465400695801e-01,-5.293503403663635254e-01,9.973617196083068848e-01,9.990905523300170898e-01,9.974700212478637695e-01,9.973275661468505859e-01,9.759885668754577637e-01,-1.897316277027130127e-01,8.609610795974731445e-01,9.262717962265014648e-01,9.933747053146362305e-01,9.941846132278442383e-01,-9.761528372764587402e-01,9.972470998764038086e-01,9.892008900642395020e-01,9.926021099090576172e-01,9.993669986724853516e-01,9.991717338562011719e-01,9.988901019096374512e-01,9.975717663764953613e-01,9.983298778533935547e-01,9.977086186408996582e-01,9.417247772216796875e-01,9.986481070518493652e-01,6.771953701972961426e-01,-3.643560707569122314e-01,7.614588737487792969e-01,8.156962990760803223e-01,7.428682446479797363e-01,2.537526488304138184e-01
8.345475196838378906e-01,-7.391601800918579102e-01,-7.366555333137512207e-01,-7.601888179779052734e-01,-7.884097695350646973e-01,-7.719849348068237305e-01,-7.552161216735839844e-01,-7.914336323738098145e-01,-7.522072196006774902e-01,-7.449055314064025879e-01,-6.598796248435974121e-01,-7.739985585212707520e-01,9.118473529815673828e-01,-7.793521285057067871e-01,1.000000000000000000e+00,-7.862442731857299805e-01,-7.995865345001220703e-01,-7.745205760002136230e-01,-7.505328655242919922e-01,-1.734795570373535156e-01,-7.827785611152648926e-01,-7.781473398208618164e-01,-7.852840423583984375e-01,-7.780591249465942383e-01,8.547876477241516113e-01,8.033066987991333008e-01,-7.518504261970520020e-01,-7.676876187324523926e-01,-7.809051871299743652e-01,-7.758064866065979004e-01,-7.478761672973632812e-01,8.542661666870117188e-01,-7.704716324806213379e-01,-7.732051610946655273e-01,-7.501661181449890137e-01,7.751115560531616211e-01,-7.726817131042480469e-01,-7.877280116081237793e-01,-7.727691531181335449e-01,-8.000302910804748535e-01,-6.718845367431640625e-01,5.519283413887023926e-01,-4.137542247772216797e-01,-6.863435506820678711e-01,-7.173732519149780273e-01,-7.579782009124755859e-01,8.859209418296813965e-01,-7.647036314010620117e-01,-7.673954367637634277e-01,-7.317968010902404785e-01,-7.742039561271667480e-01,-7.743005752563476562e-01,-7.685495018959045410e-01,-7.727329134941101074e-01,-7.597738504409790039e-01,-7.674234509468078613e-01,-5.618002414703369141e-01,-7.820588350296020508e-01,-1.640548855066299438e-01,4.250313639640808105e-01,-2.920818328857421875e-01,-4.933798909187316895e-01,-4.341976344585418701e-01,-1.911196708679199219e-01
-9.382014870643615723e-01,9.920133352279663086e-01,9.911196231842041016e-01,9.956306815147399902e-01,9.979809522628784180e-01,9.980646371841430664e-01,9.957969784736633301e-01,9.984169006347656250e-01,9.941413998603820801e-01,9.950506091117858887e-01,9.754046201705932617e-01,9.970234632492065430e-01,-9.648697972297668457e-01,9.986273050308227539e-01,-7.862442731857299805e-01,1.000000000000000000e+00,9.983505606651306152e-01,9.986616969108581543e-01,9.953320622444152832e-01,6.458611488342285156e-01,9.972115755081176758e-01,9.972119927406311035e-01,9.979215860366821289e-01,9.958229660987854004e-01,-6.279494762420654297e-01,-7.724376916885375977e-01,9.930999279022216797e-01,9.958532452583312988e-01,9.974472522735595703e-01,9.965710639953613281e-01,9.892860054969787598e-01,-9.217799305915832520e-01,9.959202408790588379e-01,9.963402748107910156e-01,9.926207065582275391e-01,-5.307404398918151855e-01,9.973782896995544434e-01,9.984519481658935547e-01,9.959174394607543945e-01,9.981861710548400879e-01,9.736802577972412109e-01,-2.145300656557083130e-01,8.601276874542236328e-01,9.358144402503967285e-01,9.927360415458679199e-01,9.906835556030273438e-01,-9.796046614646911621e-01,9.976209402084350586e-01,9.896147251129150391e-01,9.921028017997741699e-01,9.988296627998352051e-01,9.986077547073364258e-01,9.979167580604553223e-01,9.969105124473571777e-01,9.969788789749145508e-01,9.976546168327331543e-01,9.362819790840148926e-01,9.974959492683410645e-01,6.705695986747741699e-01,-3.756793439388275146e-01,7.476671934127807617e-01,8.109874725341796875e-01,7.421226501464843750e-01,2.512972652912139893e-01
-9.365488290786743164e-01,9.894750118255615234e-01,9.908853769302368164e-01,9.944555163383483887e-01,9.988931417465209961e-01,9.978199601173400879e-01,9.945460557937622070e-01,9.981829524040222168e-01,9.920629858970642090e-01,9.937003254890441895e-01,9.685304164886474609e-01,9.973621368408203125e-01,-9.697934985160827637e-01,9.984009861946105957e-01,-7.995865345001220703e-01,9.983505606651306152e-01,1.000000000000000000e+00,9.986485838890075684e-01,9.949157834053039551e-01,6.202997565269470215e-01,9.987532496452331543e-01,9.962486028671264648e-01,9.978920817375183105e-01,9.971076846122741699e-01,-6.529617309570312500e-01,-7.894155383110046387e-01,9.915748238563537598e-01,9.962695837020874023e-01,9.978628158569335938e-01,9.961714744567871094e-01,9.887511730194091797e-01,-9.240317940711975098e-01,9.953837394714355469e-01,9.963036179542541504e-01,9.929012060165405273e-01,-5.551882982254028320e-01,9.970554113388061523e-01,9.984663724899291992e-01,9.960885643959045410e-01,9.983495473861694336e-01,9.700260162353515625e-01,-2.187827229499816895e-01,8.463409543037414551e-01,9.297478795051574707e-01,9.894134402275085449e-01,9.922617673873901367e-01,-9.834285378456115723e-01,9.963713884353637695e-01,9.920461773872375488e-01,9.894458651542663574e-01,9.985481500625610352e-01,9.982452392578125000e-01,9.977692961692810059e-01,9.963865280151367188e-01,9.962091445922851562e-01,9.964684844017028809e-01,9.308149814605712891e-01,9.983214139938354492e-01,6.564811468124389648e-01,-3.872527480125427246e-01,7.368137240409851074e-01,8.110485672950744629e-01,7.357162833213806152e-01,2.524230480194091797e-01
-9.266046881675720215e-01,9.942585229873657227e-01,9.951887726783752441e-01,9.969909191131591797e-01,9.987606406211853027e-01,9.992823004722595215e-01,9.977874159812927246e-01,9.987314343452453613e-01,9.941419959068298340e-01,9.974637031555175781e-01,9.777603149414062500e-01,9.989672303199768066e-01,-9.583709239959716797e-01,9.992874264717102051e-01,-7.745205760002136230e-01,9.986616969108581543e-01,9.986485838890075684e-01,1.000000000000000000e+00,9.977390170097351074e-01,6.475809216499328613e-01,9.987813234329223633e-01,9.974279403686523438e-01,9.989961981773376465e-01,9.982504248619079590e-01,-6.237170100212097168e-01,-7.717271447181701660e-01,9.953750371932983398e-01,9.985255599021911621e-01,9.987656474113464355e-01,9.979817271232604980e-01,9.924219846725463867e-01,-9.135932922363281250e-01,9.975966811180114746e-01,9.982497096061706543e-01,9.958137869834899902e-01,-5.230939388275146484e-01,9.981517195701599121e-01,9.990718960762023926e-01,9.980832934379577637e-01,9.977283477783203125e-01,9.782895445823669434e-01,-1.853643208742141724e-01,8.664249181747436523e-01,9.305491447448730469e-01,9.943181276321411133e-01,9.937019348144531250e-01,-9.748901128768920898e-01,9.981405735015869141e-01,9.911918044090270996e-01,9.937976598739624023e-01,9.998360872268676758e-01,9.997709393501281738e-01,9.996581077575683594e-01,9.980955123901367188e-01,9.987309575080871582e-01,9.985516071319580078e-01,9.461704492568969727e-01,9.992927312850952148e-01,6.865218281745910645e-01,-3.672406673431396484e-01,7.658735513687133789e-01,8.186963200569152832e-01,7.439298629760742188e-01,2.560811936855316162e-01
-9.195482134819030762e-01,9.964799284934997559e-01,9.946267008781433105e-01,9.970473647117614746e-01,9.962684512138366699e-01,9.974642395973205566e-01,9.980868101119995117e-01,9.955274462699890137e-01,9.932482838630676270e-01,9.976139664649963379e-01,9.847346544265747070e-01,9.957073330879211426e-01,-9.454478621482849121e-01,9.965794682502746582e-01,-7.505328655242919922e-01,9.953320622444152832e-01,9.949157834053039551e-01,9.977390170097351074e-01,1.000000000000000000e+00,6.810442805290222168e-01,9.947707056999206543e-01,9.967041611671447754e-01,9.967716336250305176e-01,9.950359463691711426e-01,-5.850202441215515137e-01,-7.451162338256835938e-01,9.962431788444519043e-01,9.963343143463134766e-01,9.973251819610595703e-01,9.963772296905517578e-01,9.916709661483764648e-01,-9.069499969482421875e-01,9.960364699363708496e-01,9.967267513275146484e-01,9.973619580268859863e-01,-4.845891892910003662e-01,9.972695708274841309e-01,9.957008361816406250e-01,9.965428709983825684e-01,9.951959848403930664e-01,9.864307045936584473e-01,-1.520230919122695923e-01,8.808263540267944336e-01,9.327729940414428711e-01,9.956935048103332520e-01,9.913322329521179199e-01,-9.648845195770263672e-01,9.980093240737915039e-01,9.892846345901489258e-01,9.965981245040893555e-01,9.971607327461242676e-01,9.980185627937316895e-01,9.981945753097534180e-01,9.974464178085327148e-01,9.968205690383911133e-01,9.982957839965820312e-01,9.565156698226928711e-01,9.961885213851928711e-01,7.176027894020080566e-01,-3.554248213768005371e-01,7.814202308654785156e-01,8.260960578918457031e-01,7.486616969108581543e-01,2.552110850811004639e-01
-5.287269949913024902e-01,7.028510570526123047e-01,6.641659736633300781e-01,6.790326833724975586e-01,6.305360198020935059e-01,6.533561944961547852e-01,6.782834529876708984e-01,6.394551396369934082e-01,6.833905577659606934e-01,6.767639517784118652e-01,7.748157978057861328e-01,6.329543590545654297e-01,-4.700695872306823730e-01,6.401374340057373047e-01,-1.734795570373535156e-01,6.458611488342285156e-01,6.202997565269470215e-01,6.475809216499328613e-01,6.810442805290222168e-01,1.000000000000000000e+00,6.233164072036743164e-01,6.670581102371215820e-01,6.442251205444335938e-01,6.283669471740722656e-01,1.656952053308486938e-01,-1.019150167703628540e-01,6.832346320152282715e-01,6.425870060920715332e-01,6.498940587043762207e-01,6.562373638153076172e-01,6.620736718177795410e-01,-4.885199069976806641e-01,6.586107015609741211e-01,6.536968946456909180e-01,6.805784702301025391e-01,2.134878188371658325e-01,6.625317335128784180e-01,6.363035440444946289e-01,6.480297446250915527e-01,6.387827992439270020e-01,7.596901059150695801e-01,1.998043209314346313e-01,8.747839927673339844e-01,7.249165177345275879e-01,7.136726975440979004e-01,6.229283213615417480e-01,-5.191233158111572266e-01,6.747997999191284180e-01,6.279324293136596680e-01,7.102349400520324707e-01,6.473402380943298340e-01,6.534911394119262695e-01,6.545940637588500977e-01,6.621028184890747070e-01,6.575121283531188965e-01,6.743132472038269043e-01,7.933859825134277344e-01,6.326150894165039062e-01,8.933449387550354004e-01,-9.181667864322662354e-02,7.488039731979370117e-01,6.194135546684265137e-01,6.054576635360717773e-01,1.676717400550842285e-01
-9.278095960617065430e-01,9.896113872528076172e-01,9.933704733848571777e-01,9.944646358489990234e-01,9.982389807701110840e-01,9.979743361473083496e-01,9.947077631950378418e-01,9.973002672195434570e-01,9.919821619987487793e-01,9.946959614753723145e-01,9.702427387237548828e-01,9.981657266616821289e-01,-9.623385667800903320e-01,9.980747699737548828e-01,-7.827785611152648926e-01,9.972115755081176758e-01,9.987532496452331543e-01,9.987813234329223633e-01,9.947707056999206543e-01,6.233164072036743164e-01,1.000000000000000000e+00,9.949421286582946777e-01,9.970790147781372070e-01,9.981674551963806152e-01,-6.471011042594909668e-01,-7.903855443000793457e-01,9.917834401130676270e-01,9.972872138023376465e-01,9.972597360610961914e-01,9.959565401077270508e-01,9.907357692718505859e-01,-9.145486354827880859e-01,9.955269098281860352e-01,9.964553117752075195e-01,9.932671785354614258e-01,-5.485133528709411621e-01,9.966031908988952637e-01,9.981150031089782715e-01,9.962077736854553223e-01,9.964047074317932129e-01,9.717202782630920410e-01,-1.987962275743484497e-01,8.559705018997192383e-01,9.275593161582946777e-01,9.908426403999328613e-01,9.938936829566955566e-01,-9.775727391242980957e-01,9.956325888633728027e-01,9.924457073211669922e-01,9.894618391990661621e-01,9.988389611244201660e-01,9.981028437614440918e-01,9.979467988014221191e-01,9.957282543182373047e-01,9.973758459091186523e-01,9.959072470664978027e-01,9.383248686790466309e-01,9.987273812294006348e-01,6.703605651855468750e-01,-3.801436424255371094e-01,7.521967291831970215e-01,8.171213865280151367e-01,7.380967140197753906e-01,2.557632625102996826e-01
-9.331229925155639648e-01,9.962003827095031738e-01,9.910113215446472168e-01,9.975939393043518066e-01,9.966059923171997070e-01,9.972262382507324219e-01,9.979285001754760742e-01,9.976860284805297852e-01,9.967672228813171387e-01,9.960397481918334961e-01,9.819358587265014648e-01,9.948889017105102539e-01,-9.590069651603698730e-01,9.967724680900573730e-01,-7.781473398208618164e-01,9.972119927406311035e-01,9.962486028671264648e-01,9.974279403686523438e-01,9.967041611671447754e-01,6.670581102371215820e-01,9.949421286582946777e-01,1.000000000000000000e+00,9.980431199073791504e-01,9.936156272888183594e-01,-5.981420874595642090e-01,-7.567144632339477539e-01,9.967864751815795898e-01,9.949694275856018066e-01,9.986028075218200684e-01,9.961004853248596191e-01,9.889646172523498535e-01,-9.219468235969543457e-01,9.969319105148315430e-01,9.966768622398376465e-01,9.967432022094726562e-01,-4.917365014553070068e-01,9.989847540855407715e-01,9.975020289421081543e-01,9.973730444908142090e-01,9.985390901565551758e-01,9.816203117370605469e-01,-1.937346905469894409e-01,8.697898983955383301e-01,9.336295127868652344e-01,9.927485585212707520e-01,9.915385246276855469e-01,-9.758940935134887695e-01,9.985544085502624512e-01,9.899437427520751953e-01,9.948613047599792480e-01,9.972400665283203125e-01,9.984929561614990234e-01,9.976522922515869141e-01,9.982156157493591309e-01,9.954196810722351074e-01,9.986703395843505859e-01,9.451245665550231934e-01,9.958552122116088867e-01,6.918870806694030762e-01,-3.785370886325836182e-01,7.552573084831237793e-01,7.989743947982788086e-01,7.261818051338195801e-01,2.554989159107208252e-01
-9.263854026794433594e-01,9.953826665878295898e-01,9.947892427444458008e-01,9.969966411590576172e-01,9.982988834381103516e-01,9.985069632530212402e-01,9.983106851577758789e-01,9.994074702262878418e-01,9.933173656463623047e-01,9.971686005592346191e-01,9.766508936882019043e-01,9.984068274497985840e-01,-9.608762860298156738e-01,9.986240267753601074e-01,-7.852840423583984375e-01,9.979215860366821289e-01,9.978920817375183105e-01,9.989961981773376465e-01,9.967716336250305176e-01,6.442251205444335938e-01,9.970790147781372070e-01,9.980431199073791504e-01,1.000000000000000000e+00,9.977406859397888184e-01,-6.259241104125976562e-01,-7.738754153251647949e-01,9.965544939041137695e-01,9.984894394874572754e-01,9.990443587303161621e-01,9.980550408363342285e-01,9.913750886917114258e-01,-9.171564579010009766e-01,9.981708526611328125e-01,9.983958601951599121e-01,9.963318705558776855e-01,-5.166608095169067383e-01,9.976954460144042969e-01,9.993082284927368164e-01,9.992789030075073242e-01,9.980223774909973145e-01,9.783568382263183594e-01,-1.847644746303558350e-01,8.615623712539672852e-01,9.228548407554626465e-01,9.917639493942260742e-01,9.931268095970153809e-01,-9.766989350318908691e-01,9.971312284469604492e-01,9.881997704505920410e-01,9.931457042694091797e-01,9.987640380859375000e-01,9.993356466293334961e-01,9.992063045501708984e-01,9.983909130096435547e-01,9.978281259536743164e-01,9.984826445579528809e-01,9.452805519104003906e-01,9.989504814147949219e-01,6.828150749206542969e-01,-3.589991331100463867e-01,7.674348950386047363e-01,8.082311749458312988e-01,7.326883077621459961e-01,2.573120594024658203e-01
-9.183120131492614746e-01,9.911474585533142090e-01,9.960681796073913574e-01,9.942451715469360352e-01,9.975752830505371094e-01,9.974139332771301270e-01,9.958544373512268066e-01,9.976099729537963867e-01,9.892653822898864746e-01,9.956541061401367188e-01,9.708974957466125488e-01,9.990282654762268066e-01,-9.559699296951293945e-01,9.977502226829528809e-01,-7.780591249465942383e-01,9.958229660987854004e-01,9.971076846122741699e-01,9.982504248619079590e-01,9.950359463691711426e-01,6.283669471740722656e-01,9.981674551963806152e-01,9.936156272888183594e-01,9.977406859397888184e-01,1.000000000000000000e+00,-6.434964537620544434e-01,-7.893734574317932129e-01,9.935253858566284180e-01,9.988417029380798340e-01,9.966720938682556152e-01,9.966072440147399902e-01,9.913508892059326172e-01,-9.092032909393310547e-01,9.961017370223999023e-01,9.967845678329467773e-01,9.941619634628295898e-01,-5.348271727561950684e-01,9.949271082878112793e-01,9.979475736618041992e-01,9.974090456962585449e-01,9.942940473556518555e-01,9.750825762748718262e-01,-1.654134839773178101e-01,8.608238697052001953e-01,9.149128794670104980e-01,9.901550412178039551e-01,9.942719340324401855e-01,-9.720400571823120117e-01,9.937310814857482910e-01,9.869354963302612305e-01,9.902947545051574707e-01,9.982463121414184570e-01,9.977101683616638184e-01,9.980117082595825195e-01,9.964976906776428223e-01,9.981777071952819824e-01,9.958966970443725586e-01,9.464439749717712402e-01,9.989991784095764160e-01,6.839342117309570312e-01,-3.453717827796936035e-01,7.752115130424499512e-01,8.205992579460144043e-01,7.380390167236328125e-01,2.587414085865020752e-01
