1,0.0057163,0.20427,0.1448,0.37841,0.29884,0.29702,-0.0098558,0.37252,0.18696,0.20602,0.34585,0.3852,-0.22827,0.15587,0.23768,0.27503,0.0069088,0.031343,0.11023,0.010133,0.43705,0.41868,0.15745,0.33734,0.17426,0.08387,0.15874,0.40582,0.21089,0.29584,0.18587,0.064133,-0.034225,-0.10342,0.089001,0.22912,0.067132,0.21498,0.0035952,0.4066,-0.059626,0.18649,0.37556,-0.10113,0.25359,0.40868,0.34624,0.1564,0.34405,-0.069863,0.39041,-0.23167,0.24727,0.02944,0.25052,0.25847,-0.10269,0.41121,0.33764,0.32328,-0.098211,0.34809,0.31365,0.34564,0.19889,0.00014935,0.34896,0.2377,0.021148,0.23616,0.022905,0.088442,0.10656,-0.097542,0.30381,0.072314,0.39799,0.34721,0.23159,0.25188,0.23422,-0.15373,0.395,0.32066,0.37066,0.22019,-0.005709,0.29476,0.20801,0.052605,0.21998,0.19466,0.13627,0.5243,0.35123,0.17803,0.18325,-0.011423,-0.18328,-0.064404,0.22286,0.45028,0.34588,0.35807,0.23494,0.12453,-0.11954,0.29076,-0.056663,0.095494,0.31237,0.19421,0.22099,0.22537,-0.09609,0.42385,0.18138,0.26425,0.45476,0.35038,0.073223,0.22135,0.33264,0.024308,0.020236,0.29105,0.18794,-0.19674,0.252,0.050733,-0.10198,0.19925,0.23559,-0.18537,0.33608,-0.058957,0.37697,0.13787,-0.001791,0.38415,0.33983,0.039781,0.12626,0.10261,0.32641,0.42832,0.40404,0.36636,0.0071969,0.31295,0.14453,-0.092369,-0.068339,0.19174,0.24642,-0.14216,0.34501,0.21573,0.20048,0.04163,0.15248,0.16741,0.36591,0.27874,0.26337,0.37025,0.10892,0.26121,0.15952,0.28567,-0.0044625,-0.10559,0.40062,-0.10946,0.23502,0.27187,0.37468,0.36314,0.35305,0.072942,-0.12399,0.094642,0.25845,-0.16924,0.26974,0.28283,0.34248,0.12648,0.25427,-0.12942,0.05283,0.070257,0.12907,0.12618,-0.0041859,0.042991,-0.035975,-0.3017,0.14728,0.0068021,0.15729,0.35558,0.31933,0.30392,0.24964,0.26032,0.35323,0.14511,0.064331,0.2207,0.18981,0.11928,0.2246,0.23562,0.30276
0.0057163,1,0.0021488,-0.0089236,-0.14013,0.12652,-0.15186,0.074621,-0.048054,0.064892,-0.084555,-0.056995,-0.079951,-0.073424,-0.30151,-0.044181,0.076207,0.13029,0.16466,0.083503,0.073394,-0.19534,-0.11507,-0.092447,-0.090504,-0.016219,0.18347,-0.033478,-0.035765,-0.026634,-0.047193,0.021292,0.08949,0.024193,0.1002,-0.081334,-0.20411,-0.19529,-0.20895,0.14005,-0.19262,0.13414,0.18873,0.012147,-0.26286,0.16955,-0.090077,0.03664,0.011477,-0.15507,-0.030135,-0.11815,0.14234,-0.21711,0.043023,-0.079808,-0.32494,0.2004,-0.18177,-0.26462,-0.13092,-0.072061,0.075577,-0.030929,-0.097776,0.094588,0.18312,-0.13924,-0.18546,0.24589,0.025964,0.13933,0.27492,0.010809,-0.067635,0.088974,0.029919,-0.08979,0.13431,0.011811,0.17219,0.011027,-0.11245,0.0662,-0.20675,-0.16794,0.027373,0.00055437,-0.10034,-0.079806,-0.054346,0.18644,-0.034526,-0.033113,-0.10838,0.034578,-0.022178,-0.09583,0.10519,0.332,0.22149,-0.20086,-0.0030285,0.045634,-0.087732,-0.041912,-0.20027,0.082401,-0.064892,0.11666,-0.024141,-0.16462,0.21535,-0.011006,0.0035436,0.012529,-0.1526,-0.00077211,0.083198,-0.16457,-0.12173,-0.041853,-0.0024518,-0.077528,0.22574,-0.17874,-0.03236,-0.14719,0.084359,-0.048307,0.027605,0.21691,-0.12861,-0.030312,0.077073,0.025733,0.13955,-0.18353,0.053242,0.01549,-0.080068,-0.13852,-0.12616,-0.056147,0.011718,-0.24473,-0.19403,-0.13548,-0.059378,0.37432,-0.16034,-0.081284,0.10484,-0.073126,0.16882,0.18892,-0.0053738,-0.098345,-0.027371,0.1718,-0.030188,0.00061241,0.098719,0.0073859,-0.15809,-0.1604,-0.062803,0.064269,-0.058138,0.031926,0.077708,-0.13704,0.11591,-0.14638,0.053796,-0.31566,0.0060982,-0.24198,-0.061485,-0.23964,-0.22021,0.0096242,0.26196,-0.078883,-0.15897,-0.12648,-0.18426,-0.13465,0.0071795,-0.0057025,0.16911,-0.33425,-0.20831,-0.10988,0.0026054,-0.045092,0.059856,-0.034315,0.02265,0.19168,-0.0024594,-0.12309,-0.12564,-0.15724,-0.026029,0.0026102,0.044665,8.9339e-05,-0.33673,0.055345,-0.088183,-0.15919,0.10102,-0.24262,0.0055703,-0.20731
0.20427,0.0021488,1,0.0031827,0.26827,0.30522,0.21931,-0.052248,0.21675,0.091188,-0.021129,0.17159,0.31176,-0.17039,0.081426,0.11438,0.10354,0.05914,0.13028,0.047991,-0.077301,0.37443,0.14247,0.16455,0.26826,0.11509,-0.053057,0.011256,0.26996,0.18774,0.28452,0.19743,0.11101,-0.049547,-0.061562,0.17664,0.21184,0.18337,0.10758,-0.057592,0.32507,-0.065977,-0.067794,0.10538,-0.030148,0.27084,0.27011,0.39553,0.076614,0.17172,-0.10516,0.30782,-0.070114,0.26695,-0.13443,0.17996,0.20512,0.019006,0.24688,0.30213,0.2882,-0.11152,0.38186,0.20664,0.25182,0.028116,-0.010818,0.32316,0.15338,0.038543,0.16656,0.16712,0.081988,0.063228,-0.16517,0.18907,0.11426,0.34864,0.23853,0.16,0.25714,0.11698,-0.02784,0.19905,0.16976,0.31334,0.069838,-0.090158,0.28897,0.1463,0.29636,0.21064,0.078826,0.097381,0.29876,0.33465,0.19442,0.26649,-0.070353,-0.20384,-0.1821,0.13844,0.36948,0.26069,0.3797,0.16239,0.20966,0.028742,0.23829,-0.034469,0.091484,0.13767,0.23276,0.2999,0.12693,-0.25473,0.3468,0.13501,0.21704,0.3016,0.25153,0.2052,0.22346,0.34212,-0.024109,0.27423,0.092524,0.17226,-0.30775,0.36134,0.06232,0.059366,0.1967,0.23784,-0.17351,0.35612,-0.062104,0.19904,0.1401,0.21782,0.29835,0.26876,0.14381,0.02194,0.20068,0.29436,0.3446,0.26341,0.27517,0.1084,0.33318,0.23514,-0.076267,-0.078871,0.1722,0.30149,-0.029925,0.26407,0.18736,0.1584,0.051838,0.30301,0.074874,0.34287,0.10685,0.26969,0.24011,0.066207,0.16915,0.013676,0.2972,-0.00039912,-0.044239,0.26619,-0.039454,0.19611,0.15623,0.25952,0.22178,0.22385,-0.0065368,-0.057772,0.039824,0.3818,-0.019061,0.26051,0.26643,0.25911,0.0015296,0.13124,0.11954,-0.11127,0.12142,0.16005,-0.035086,-0.013822,0.070885,-0.11832,-0.3585,0.082854,0.0061064,0.13829,0.29991,0.29807,0.37755,0.27937,0.27169,0.39292,0.14349,0.038952,0.096802,0.084869,0.099856,0.12281,0.33798,0.30609
0.1448,-0.0089236,0.0031827,1,0.16661,-0.04657,0.35731,-0.20083,0.2956,0.35302,0.10784,0.075424,0.04086,-0.18084,0.068211,0.24878,0.06316,0.31425,-0.25093,0.023275,-0.12164,0.22699,0.19376,0.25458,0.19585,0.4199,0.18205,0.14069,0.12353,0.15899,0.2681,-0.23065,0.010611,-0.1033,-0.047136,-0.019937,0.17454,0.090122,0.1891,0.22897,0.15738,0.1557,0.16916,0.0075095,-0.059676,-0.089555,0.052888,0.045068,-0.10542,0.21983,0.24588,0.22385,-0.047211,0.055158,-0.1444,-0.025399,0.15537,-0.29779,0.16036,0.022879,-0.023498,0.076466,0.086418,-0.046019,0.13272,-0.042426,0.15643,-0.015245,0.31318,-0.1071,-0.21454,-0.11755,0.013176,0.093211,-0.17421,0.24823,0.19365,0.16891,0.16005,0.37157,-0.06041,0.026937,-0.062024,0.002917,0.19002,0.093606,-0.060407,-0.21825,-0.069794,0.17427,-0.076721,-0.095287,-0.078866,0.017045,0.086792,0.20017,0.077289,-0.025589,-0.0034142,-0.13883,0.12887,0.064474,0.030632,-0.061823,0.12786,0.44168,0.027404,-0.09744,-0.0061562,-0.0063815,-0.10184,0.20904,-0.032202,0.056461,0.33071,-0.23448,-0.014764,-0.17564,0.05952,0.16075,0.076152,0.042708,0.065458,0.094436,0.0054295,0.14082,-0.12809,0.097551,0.0098202,-0.039873,0.47117,-0.054592,0.30593,0.47059,-0.12307,0.005405,-0.17188,0.30153,-0.025807,0.073656,0.11191,-0.14987,-0.0219,0.12952,-0.0036425,0.0055207,-0.0089513,0.063043,0.25089,-0.09419,0.25472,-0.088517,-0.12333,0.077212,0.068909,0.018633,-0.071168,-0.032587,0.19319,-0.16453,0.095512,-0.041482,0.11196,-0.034734,0.1452,-0.084155,0.1472,0.052176,0.17494,0.24522,0.015852,0.19305,0.057279,0.26062,0.07553,0.088091,-0.031192,0.08182,-0.15559,0.057107,0.19481,-0.31589,-0.17777,-0.13374,-0.10857,-0.042525,-0.063573,0.27746,-0.18406,0.12427,-0.10482,0.13214,0.13781,-0.0028382,0.043208,-0.078557,0.10502,-0.10106,-0.12323,0.035711,-0.12384,-0.16779,-0.072179,0.10385,0.0040387,-0.077787,0.33639,-0.0080572,0.20795,0.094062,0.20108,0.1131,0.032254,0.046994,0.038229,-0.13249
0.37841,-0.14013,0.26827,0.16661,1,0.4301,0.51007,-0.081428,0.48259,0.20236,0.082714,0.48625,0.56326,-0.28393,0.47197,0.37462,0.13019,0.096946,0.092233,0.0071978,-0.07551,0.68984,0.51403,0.42406,0.5829,0.23421,0.063529,0.20168,0.49159,0.54165,0.43202,0.24745,0.17412,-0.063208,-0.12091,0.2,0.50125,0.3691,0.32444,0.16709,0.6546,-0.19407,0.11037,0.19541,0.087858,0.18067,0.63651,0.52893,-0.011966,0.35389,-0.035557,0.68134,-0.20537,0.53051,-0.10415,0.15057,0.52284,-0.32317,0.68167,0.67354,0.5658,-0.16944,0.54095,0.22682,0.59667,0.11014,0.080826,0.61501,0.47875,0.0084393,0.088213,0.11589,0.055697,0.18755,-0.24176,0.28934,0.2669,0.61641,0.39665,0.32229,0.23512,0.23056,-0.2278,0.44118,0.46432,0.61687,0.19208,-0.048419,0.54808,0.49314,0.26133,0.25413,0.25757,0.17387,0.58888,0.57523,0.26207,0.28391,-0.10383,-0.54562,-0.0037663,0.524,0.56354,0.46617,0.6425,0.42319,0.41773,-0.2026,0.53556,-0.14532,0.21632,0.40755,0.12105,0.35692,0.26751,-0.32818,0.59489,0.25807,0.42588,0.56622,0.57179,0.32787,0.40703,0.47306,-0.13714,0.41798,0.15903,0.34363,-0.48025,0.44308,0.16038,-0.070773,0.35978,0.33277,-0.30264,0.56008,-0.30835,0.56578,0.10828,0.20306,0.58433,0.41331,0.0077537,0.10033,0.28849,0.51252,0.55494,0.48624,0.5394,-0.080653,0.51671,-0.047948,-0.20114,0.050871,0.2392,0.3143,-0.2764,0.53036,0.31024,0.067868,0.19945,0.37379,0.1766,0.52767,0.23941,0.43014,0.47823,0.17054,0.32269,0.019037,0.41251,0.080053,-0.14358,0.64149,-0.10416,0.58887,0.32232,0.61474,0.24587,0.38266,0.11774,-0.10946,-0.065311,0.45467,0.14435,0.45313,0.54727,0.7316,-0.034725,0.11077,-0.18179,0.17016,0.18997,0.21708,0.06457,-0.16871,0.042087,-0.10585,-0.47833,0.12958,0.08308,0.33176,0.55718,0.66536,0.46165,0.42816,0.45894,0.46836,0.38679,0.099979,0.40133,0.18393,0.1073,0.4403,0.43438,0.58216
0.29884,0.12652,0.30522,-0.04657,0.4301,1,0.24908,0.05579,0.24736,0.13875,-0.2132,0.445,0.60198,-0.36353,0.0021403,0.16203,0.069564,-0.029659,0.39183,0.1183,-0.072421,0.4462,0.28211,0.25663,0.49866,0.12873,0.11168,0.11643,0.41554,0.42039,0.26521,0.53438,0.22584,-0.10613,0.046949,0.19733,0.23376,0.30485,-0.06355,0.1207,0.44995,-0.21962,0.097804,0.15252,-0.27108,0.55715,0.55536,0.68209,0.080997,0.083955,-0.22404,0.51581,-0.11957,0.33564,-0.28027,0.11835,0.11551,-0.019037,0.40834,0.37271,0.57763,-0.37383,0.78445,0.25346,0.51646,0.16545,0.22215,0.56921,0.10208,0.38744,0.26101,0.39355,0.3323,0.20611,-0.29667,0.32769,0.29856,0.55658,0.61752,0.12146,0.55599,0.219,-0.27878,0.57648,0.1764,0.4912,0.19327,0.05148,0.52945,0.40566,0.47346,0.47177,0.291,0.22467,0.39507,0.63479,0.24009,0.45538,-0.085496,-0.16958,-0.026439,0.25193,0.64431,0.5753,0.65381,0.10138,0.18357,-0.04602,0.48398,-0.041981,0.29093,0.019576,0.4955,0.55504,0.081725,-0.43449,0.50351,0.25136,0.49538,0.38389,0.51758,0.40929,0.42952,0.49929,0.097214,0.36174,0.10343,0.14045,-0.54356,0.65581,-0.037292,0.22455,0.25457,0.15474,-0.19656,0.69889,0.013304,0.23526,0.27613,0.42034,0.53507,0.38834,-0.00035262,-0.061526,0.3969,0.33151,0.37496,0.35338,0.32994,0.34785,0.33536,0.13372,-0.092441,-0.14467,0.47635,0.67986,-0.11919,0.38896,0.28862,0.38489,0.094508,0.63508,0.20579,0.6652,-0.088754,0.41949,0.41977,0.28761,0.24159,-0.25329,0.7332,-0.25386,-0.0031142,0.36174,-0.079804,0.17367,0.40622,0.31213,0.31109,0.13364,-0.28508,0.0076601,0.23277,0.65762,0.010314,0.53498,0.45507,0.4235,-0.064712,0.11792,0.10634,-0.45025,0.05475,0.1737,-0.09364,-0.24684,0.14135,-0.12669,-0.70064,0.21242,0.064367,0.20807,0.52998,0.52804,0.57263,0.65085,0.42411,0.65152,-0.10797,0.02186,0.056755,-0.082019,0.28342,0.12657,0.6313,0.46801
0.29702,-0.15186,0.21931,0.35731,0.51007,0.24908,1,-0.10262,0.4828,0.34998,0.10401,0.33741,0.46596,-0.22746,0.37677,0.34988,0.10644,0.23407,-0.044766,0.0057018,-0.068568,0.59108,0.46782,0.48761,0.56568,0.31839,0.067052,0.15302,0.40623,0.50536,0.42704,0.19723,0.16718,-0.038219,-0.089076,0.12027,0.51162,0.27319,0.21865,0.16524,0.50611,-0.083775,0.16711,0.18104,0.057149,0.064879,0.50004,0.42497,-0.065364,0.40637,0.027992,0.45496,-0.22992,0.4538,-0.17808,0.10988,0.43324,-0.35088,0.4871,0.48498,0.47416,-0.11075,0.42834,0.13263,0.49543,0.10526,0.13887,0.43106,0.49282,-0.035042,-0.0084484,0.032768,0.050933,0.22263,-0.20043,0.33483,0.28335,0.46805,0.29837,0.4283,0.10713,0.16458,-0.23192,0.39359,0.40802,0.45564,-0.0071686,-0.11882,0.41624,0.44374,0.18068,0.1284,0.13963,0.11695,0.44768,0.49493,0.19745,0.24564,-0.14409,-0.42339,0.014658,0.36623,0.42567,0.27259,0.54857,0.42842,0.36856,-0.27733,0.30349,-0.092345,0.1728,0.30305,0.076718,0.2691,0.26936,-0.33102,0.46504,0.1563,0.21846,0.517,0.5441,0.2318,0.36207,0.43826,-0.078971,0.33914,0.093927,0.30045,-0.37325,0.34188,0.36593,-0.13295,0.45299,0.42632,-0.16092,0.43808,-0.31533,0.42117,0.071438,0.16356,0.49203,0.23002,0.0081559,0.16059,0.26277,0.40772,0.40155,0.35871,0.49184,-0.11866,0.53929,-0.068483,-0.24487,0.072247,0.19226,0.25166,-0.28584,0.39835,0.2961,-0.052748,0.2077,0.24908,0.17249,0.40526,0.21182,0.23314,0.43179,0.17959,0.30084,0.067381,0.27407,0.16093,-0.080091,0.56929,-0.063747,0.43769,0.23561,0.36953,0.13662,0.35023,0.20048,-0.23974,-0.16857,0.34288,0.076723,0.32325,0.37939,0.55979,-0.051216,0.10035,-0.17821,0.10786,0.20419,0.17208,-0.076112,-0.16276,0.0582,-0.11015,-0.38014,0.13755,-0.059161,0.1395,0.37288,0.51565,0.33573,0.34036,0.5669,0.32934,0.33977,0.17157,0.25072,0.18532,0.15382,0.32087,0.35028,0.42706
-0.0098558,0.074621,-0.052248,-0.20083,-0.081428,0.05579,-0.10262,1,-0.14403,-0.032828,-0.080704,-0.010058,-8.08e-05,0.064571,-0.078894,-0.12099,-0.13987,-0.062557,0.23998,0.081725,0.14904,-0.18139,-0.10612,-0.064218,-0.10625,-0.015137,0.11822,0.026806,-0.052789,-0.059993,-0.11025,0.098783,0.099964,0.071696,0.12209,-0.099238,-0.074887,-0.12476,-0.21866,-0.020845,-0.15253,-0.066782,0.035279,-0.059744,0.020426,0.067186,-0.032633,-0.047506,0.029146,-0.16038,-0.020993,-0.17814,0.15831,-0.10749,0.16465,-0.044886,-0.10919,0.20461,-0.16879,-0.18768,-0.049821,-0.0057467,-0.0097013,0.026349,-0.029683,0.050792,0.05592,-0.044159,-0.15552,0.17783,0.10778,0.17812,0.10922,0.14028,0.054757,0.035172,-0.038618,-0.12991,-0.0094247,-0.089532,0.15487,0.039151,-0.058241,0.072388,-0.21422,-0.119,0.035163,0.060211,-0.056372,-0.043482,-0.02382,0.15223,0.039231,0.019219,-0.10531,-0.089781,-0.044813,0.049885,0.057243,0.21703,0.049116,-0.094919,-0.043802,0.070194,-0.08604,-0.13857,-0.13811,0.10848,-0.0010198,0.0018176,0.0081733,-0.10115,0.11289,0.058519,-0.095948,0.15698,-0.098938,0.064076,0.0070257,-0.10133,-0.058363,-0.029476,-0.017336,-0.095297,0.082375,-0.11712,0.020093,-0.0078954,0.02664,0.0067925,-0.080451,0.075193,-0.1383,-0.11999,0.19626,0.012521,0.14751,-0.15832,0.074373,0.041769,-0.062112,0.023999,0.02546,0.0075083,0.013791,-0.12027,-0.11723,-0.033619,-0.13847,0.24259,-0.17302,-0.031392,0.15052,-0.040662,0.088752,0.066252,0.17411,-0.050208,-0.11226,0.044695,-0.06519,0.086898,-0.037986,-0.022996,-0.084142,-0.029804,-0.077374,-0.051726,-0.045896,-0.025815,0.097609,-0.076646,0.0098832,-0.16019,0.065952,-0.11686,0.070208,-0.13288,0.054973,-0.14539,-0.13918,0.037519,0.20745,0.042921,0.083353,-0.017836,-0.052302,-0.17568,-0.0007874,-0.0797,0.12033,-0.11306,-0.11828,-0.011639,-0.030399,0.066686,0.061265,0.15705,0.052854,0.040381,0.17223,0.14769,-0.026411,-0.084433,-0.059149,0.048866,-0.13897,-0.059752,-0.23024,0.13807,-0.11286,0.016075,0.12192,-0.071767,0.048767,-0.023178
0.37252,-0.048054,0.21675,0.2956,0.48259,0.24736,0.4828,-0.14403,1,0.29532,0.21153,0.36738,0.4221,-0.25339,0.34814,0.36353,0.29554,0.18027,-0.077032,-9.3932e-05,0.018531,0.57125,0.46963,0.32331,0.46293,0.24706,0.048651,0.051748,0.45179,0.34124,0.39998,0.10878,0.085506,0.0089324,-0.10471,0.15295,0.34768,0.14684,0.28441,0.063392,0.49738,0.05533,0.18978,0.13747,0.00030208,0.13919,0.49402,0.41676,0.089236,0.42258,-0.012516,0.48854,-0.25579,0.39229,-0.035017,0.21362,0.35042,-0.24965,0.48604,0.48666,0.35114,-0.069636,0.38362,0.29413,0.4228,0.14723,-0.053676,0.39789,0.36891,-0.046411,0.09282,-0.052719,0.047576,0.14296,-0.16499,0.32758,0.22397,0.45151,0.31887,0.34951,0.17209,0.2083,-0.1709,0.30028,0.40583,0.38935,0.10897,-0.087554,0.37182,0.29986,0.15561,0.12077,0.13879,0.055402,0.51727,0.46311,0.2229,0.12591,-0.085267,-0.34673,-0.0087598,0.27315,0.48295,0.29211,0.48066,0.43206,0.3107,-0.028529,0.35489,-0.049714,0.1529,0.3401,0.16958,0.16366,0.41447,-0.25507,0.52042,0.19947,0.27716,0.50853,0.45715,0.1981,0.33244,0.38301,-0.084924,0.23552,0.19382,0.34443,-0.29044,0.28437,0.22237,-0.1057,0.36337,0.44184,-0.25589,0.38464,-0.21844,0.42752,0.090566,0.030363,0.43656,0.29908,0.034168,0.15555,0.20171,0.45755,0.46707,0.38167,0.49575,-0.069639,0.46595,0.0012381,-0.22564,0.0049136,0.18723,0.22949,-0.32354,0.43739,0.28246,0.065731,0.16821,0.19351,0.23682,0.34541,0.32552,0.29181,0.41971,0.093137,0.28878,0.17716,0.22056,0.1936,-0.114,0.51981,-0.067285,0.38268,0.25492,0.46371,0.16363,0.3789,0.26207,-0.18231,-0.033312,0.30342,-0.10146,0.3024,0.37602,0.52028,0.082655,0.18195,-0.1711,0.14673,0.17671,0.17038,0.16892,-0.056988,0.066367,-0.13734,-0.32616,0.074742,0.0071756,0.15655,0.37417,0.41852,0.32478,0.30069,0.41064,0.36085,0.29653,0.14897,0.30832,0.24234,0.045246,0.30687,0.27045,0.35048
0.18696,0.064892,0.091188,0.35302,0.20236,0.13875,0.34998,-0.032828,0.29532,1,0.08174,0.23288,0.204,-0.11498,0.032685,0.22356,0.10557,0.2153,0.014366,0.11552,-0.011415,0.27775,0.23384,0.38504,0.22562,0.35523,0.062494,0.15619,0.25672,0.16019,0.28483,0.092964,0.083979,-0.004027,-0.075605,0.029142,0.20542,0.012492,-0.0082179,0.17912,0.21094,0.11767,0.29106,0.048202,-0.11039,0.11499,0.17345,0.22801,0.028721,0.19312,0.087779,0.22118,-0.064263,0.17318,-0.097411,0.017802,0.071785,-0.11333,0.22314,0.10467,0.13882,-0.040207,0.26931,0.094666,0.19896,0.099012,0.18698,0.14276,0.15722,0.018326,-0.10385,-0.045231,0.13614,0.14509,-0.169,0.35035,0.23776,0.2323,0.2284,0.3301,0.1218,0.10019,-0.11807,0.22562,0.12796,0.16196,0.13141,-0.15304,0.16721,0.17401,0.026009,0.048607,0.050285,0.036685,0.25918,0.30472,0.13701,0.092694,0.0082622,-0.034711,0.11021,0.028209,0.21133,0.1186,0.24105,0.32974,0.064113,-0.064772,0.15422,0.0066777,0.035155,0.15349,0.10078,0.11995,0.21312,-0.19774,0.21133,0.10419,0.13522,0.28124,0.20039,0.1748,0.2745,0.18069,0.019771,0.1983,-0.023926,0.14258,-0.12762,0.21031,0.26356,0.063522,0.30617,0.37919,-0.079901,0.18648,-0.090547,0.24034,0.032809,0.065669,0.21958,0.14013,0.041373,0.11323,0.12889,0.16641,0.11351,0.16089,0.26776,0.086271,0.29617,-0.0080579,-0.10705,-0.025618,0.21821,0.26832,-0.045052,0.15687,0.13194,0.079039,0.050527,0.12989,0.15407,0.12113,0.15364,0.075657,0.2414,0.055094,0.22802,0.11645,0.17688,0.040233,-0.011704,0.22462,-0.0012448,0.10013,0.054706,0.12396,-0.088778,0.097426,0.12757,-0.17686,0.020975,0.15128,-0.14429,0.089014,0.045726,0.25338,-0.071836,0.12016,0.042099,-0.031884,0.076237,0.034112,0.057778,-0.10438,0.19322,-0.1044,-0.25944,0.12815,-0.0019369,0.03813,0.071211,0.15906,0.26768,0.11917,0.31725,0.15829,0.042079,0.17452,0.10662,0.11749,0.14273,0.089436,0.15663,0.1006
0.20602,-0.084555,-0.021129,0.10784,0.082714,-0.2132,0.10401,-0.080704,0.21153,0.08174,1,0.19112,-0.026908,-0.14819,0.20262,0.28855,0.49006,0.028148,-0.29288,0.01974,0.22804,0.017451,0.37566,0.053173,-0.012856,-0.041789,-0.031594,-0.014808,0.31807,-0.0212,0.032724,-0.15964,-0.051018,0.1766,-0.10137,-0.18633,-0.066207,-0.1756,0.21467,0.13223,0.00086082,0.28578,0.43966,0.10903,0.14031,-0.19655,0.18471,-0.14804,0.027149,0.1833,-0.011671,-0.019676,-0.12074,-0.0038186,0.29327,0.12905,0.070574,-0.16411,0.10598,0.12151,-0.066665,0.11224,-0.24247,0.11127,-0.028156,0.26213,0.013333,-0.058127,0.11155,-0.15605,-0.036181,-0.24925,-0.093625,0.048218,0.13467,0.14685,0.087557,-0.12051,-0.11644,0.11281,-0.18061,0.14325,-0.068847,-0.051497,0.22194,-0.073083,0.029661,0.093708,-0.12495,-0.083931,-0.20125,-0.16063,-0.036377,-0.09178,0.17114,-0.10281,0.097366,-0.36213,0.048366,0.066524,0.18549,0.00070979,0.03129,0.013598,-0.1273,0.14247,0.069795,-0.17087,-0.023452,0.011522,-0.041554,0.36419,-0.28499,-0.28833,0.095568,0.16358,0.032986,0.02841,-0.081908,0.18337,0.00014047,-0.16187,0.12557,-0.11842,-0.0036823,-0.26628,0.1036,0.035935,0.27293,-0.22393,-0.068091,-0.162,0.0051483,0.050616,-0.035842,-0.066587,-0.025097,0.037119,-0.19987,-0.19904,-0.016585,0.034781,-0.01109,0.28594,-0.11244,0.081972,0.046562,-0.00026736,0.11299,-0.2863,0.01065,-0.18572,-0.11142,0.12068,-0.16499,-0.34316,-0.23035,0.087075,0.013254,-0.055774,-0.053305,-0.28399,0.11458,0.00549,0.23124,-0.068651,0.00015917,-0.20561,0.053803,0.26954,-0.25992,0.103,-0.088133,0.063856,-0.078615,0.14246,0.05405,0.1511,-0.1042,0.12982,0.32217,-0.012189,0.0045282,-0.18529,-0.090017,-0.063072,0.0018928,0.066533,0.17624,0.042645,-0.26077,0.38312,0.12264,-0.10453,0.16057,0.184,-0.12268,-0.029156,0.20356,0.089101,-0.045706,0.054687,0.053832,-0.040154,-0.085705,-0.22106,-0.13194,-0.19343,0.19764,0.075621,0.15113,0.38108,-0.087429,0.15181,-0.2211,0.0074119
0.34585,-0.056995,0.17159,0.075424,0.48625,0.445,0.33741,-0.010058,0.36738,0.23288,0.19112,1,0.49906,-0.24113,0.30209,0.37977,0.23763,0.010992,0.11237,0.072872,0.11049,0.36134,0.62587,0.40199,0.43875,0.044736,0.1866,0.23025,0.61902,0.45989,0.17568,0.31461,0.051641,-0.051694,-0.059515,-0.058562,0.19362,0.078556,0.082828,0.31229,0.41194,-0.050027,0.33011,0.16826,-0.15012,0.21918,0.65686,0.38653,0.045586,0.1198,-0.13088,0.43314,-0.22461,0.29626,-0.10725,0.0096516,0.171,-0.29465,0.46773,0.40489,0.50276,-0.18533,0.44737,0.16117,0.50361,0.37112,0.16609,0.39734,0.13342,0.24697,0.035784,0.019771,0.10729,0.17099,-0.1833,0.34649,0.4062,0.38669,0.42605,0.18654,0.22447,0.24009,-0.28889,0.51519,0.33293,0.40071,0.21919,0.15434,0.50755,0.38598,0.23084,0.20227,0.27986,0.083194,0.49926,0.47203,0.28447,0.17114,-0.098519,-0.17974,0.20911,0.2448,0.52162,0.43311,0.44051,0.16484,0.20024,-0.25728,0.56117,-0.11272,0.23532,0.29418,0.055779,0.1974,-0.021767,-0.27561,0.51015,0.38546,0.35252,0.42629,0.50384,0.31158,0.53944,0.2378,-0.047568,0.12109,0.24424,0.092284,-0.33328,0.40783,-0.085541,0.095541,0.18172,0.086519,-0.19007,0.44267,-0.083316,0.37728,0.04464,0.040286,0.49415,0.4006,-0.072088,0.2084,0.26531,0.32683,0.36101,0.31164,0.38039,-0.001818,0.23022,-0.13895,-0.22868,-0.029771,0.18591,0.29688,-0.22211,0.49528,0.081245,0.25577,0.11909,0.35221,0.23684,0.44141,0.11006,0.26888,0.35847,0.097716,0.29521,-0.063975,0.33423,-0.19248,-0.17374,0.35108,-0.13382,0.27345,0.3993,0.46839,0.11575,0.12917,0.044382,0.054839,0.10727,0.41052,-0.066583,0.53235,0.45034,0.49548,0.13208,0.054478,-0.19079,-0.023636,0.10359,0.10916,0.13112,-0.137,0.094401,-0.03986,-0.43685,0.18353,0.18401,0.30017,0.4395,0.50085,0.37048,0.3476,0.14492,0.31507,0.035884,-0.058356,0.17066,0.12458,0.13413,0.33831,0.28412,0.51565
0.3852,-0.079951,0.31176,0.04086,0.56326,0.60198,0.46596,-8.08e-05,0.4221,0.204,-0.026908,0.49906,1,-0.27764,0.3323,0.31516,0.12626,-0.025335,0.19391,0.052048,-0.034876,0.6044,0.47127,0.39734,0.61239,0.22156,0.11092,0.11188,0.49676,0.50401,0.28175,0.43733,0.19716,-0.048022,-0.03182,0.19474,0.35416,0.32243,0.12627,0.14622,0.58769,-0.23984,0.1323,0.24157,-0.11587,0.3518,0.63603,0.65758,0.12051,0.31015,-0.17423,0.5901,-0.23634,0.51892,-0.20344,0.14258,0.37635,-0.18089,0.56606,0.51226,0.65654,-0.28537,0.68065,0.30514,0.63141,0.16695,0.13321,0.64586,0.24657,0.21741,0.18422,0.20341,0.19067,0.24076,-0.23482,0.34943,0.28426,0.59914,0.52044,0.23173,0.44357,0.23607,-0.28641,0.59547,0.3477,0.5932,0.12071,0.012608,0.63955,0.46111,0.40737,0.34218,0.26478,0.20447,0.54797,0.62949,0.2813,0.41286,-0.15823,-0.34279,-0.042136,0.39362,0.69506,0.50925,0.71403,0.22571,0.28517,-0.17501,0.52391,-0.13223,0.28217,0.22917,0.32567,0.50908,0.13804,-0.35289,0.69118,0.34044,0.44079,0.58614,0.6517,0.3679,0.48986,0.49335,-0.022389,0.38311,0.16384,0.25866,-0.57321,0.59786,0.031614,0.041169,0.36985,0.25837,-0.24213,0.68207,-0.11367,0.39273,0.25466,0.30571,0.64591,0.47601,0.018247,0.11045,0.37205,0.50778,0.54097,0.43422,0.47807,0.144,0.45003,0.063749,-0.21472,-0.056167,0.37377,0.54538,-0.24985,0.58011,0.34676,0.26203,0.13685,0.53898,0.19103,0.60715,0.16499,0.50057,0.53539,0.24925,0.26466,-0.17498,0.58503,-0.056748,-0.15839,0.52529,-0.10764,0.36579,0.47063,0.49753,0.32829,0.29541,-0.094357,-0.059047,0.056178,0.63931,0.019459,0.58873,0.56839,0.54627,-0.016759,0.090167,-0.10001,-0.12896,0.15853,0.22791,-0.0012628,-0.23541,0.12752,-0.10476,-0.61048,0.16405,0.064425,0.29637,0.61894,0.63661,0.57956,0.59294,0.45079,0.5924,0.1113,0.06052,0.19016,0.057094,0.22609,0.36572,0.56801,0.65123
-0.22827,-0.073424,-0.17039,-0.18084,-0.28393,-0.36353,-0.22746,0.064571,-0.25339,-0.11498,-0.14819,-0.24113,-0.27764,1,-0.068241,-0.2351,-0.25737,-0.038449,-0.056582,-0.07031,0.099114,-0.3235,-0.25609,-0.16245,-0.30725,-0.069767,-0.1258,-0.098871,-0.33039,-0.26174,-0.28717,-0.10834,-0.040016,0.098579,0.0077524,-0.079513,-0.19441,-0.16878,-0.020985,-0.17402,-0.3045,-0.024716,-0.1879,-0.080738,0.19678,-0.22905,-0.35234,-0.37949,0.026066,-0.099466,0.07125,-0.31696,0.056251,-0.11226,0.14966,-0.13574,-0.13627,0.088483,-0.23461,-0.23524,-0.26069,0.15792,-0.39714,-0.09837,-0.28507,-0.093539,-0.12202,-0.29283,-0.21387,-0.15936,-0.1338,-0.099547,-0.14028,-0.13696,0.16049,-0.22975,-0.15509,-0.31387,-0.32075,-0.21375,-0.23028,-0.15767,0.16895,-0.31272,-0.24679,-0.26668,-0.086484,0.005097,-0.12482,-0.24026,-0.20435,-0.19323,-0.10652,-0.18101,-0.2924,-0.39277,-0.19968,-0.16142,0.058616,0.14416,-0.062883,-0.14374,-0.35676,-0.30846,-0.34571,-0.20283,-0.13601,0.14248,-0.30367,-0.002406,0.041681,-0.15814,-0.13948,-0.26803,-0.1898,0.17193,-0.2294,0.019113,-0.23841,-0.2532,-0.29332,-0.17428,-0.20994,-0.28625,-0.037331,-0.14112,-0.042064,-0.11179,0.24192,-0.23911,-0.083656,-0.073225,-0.21607,-0.26104,0.15473,-0.35869,0.029726,-0.21031,-0.12717,-0.22205,-0.30385,-0.12919,0.037266,-0.05879,-0.21621,-0.17305,-0.20732,-0.3084,-0.29448,-0.0745,-0.26934,0.014438,0.065674,0.056363,-0.2165,-0.23662,0.21866,-0.1715,-0.24501,-0.1019,-0.070485,-0.21197,-0.20973,-0.37988,-0.029021,-0.10034,-0.22357,-0.11005,-0.22739,-0.014062,-0.34624,0.050118,-0.039898,-0.27769,0.076606,-0.12302,-0.24535,-0.29447,-0.16138,-0.14164,0.073303,0.14002,-0.13152,-0.24226,0.022944,-0.24768,-0.22845,-0.30882,0.10853,-0.094882,0.0098516,0.12727,-0.071374,-0.029569,-0.0030086,0.091097,-0.05575,0.1287,0.34266,-0.12801,0.15662,-0.0070425,-0.25977,-0.33799,-0.2776,-0.24761,-0.31892,-0.29364,-0.08536,-0.004769,-0.13545,-0.069118,-0.14373,-0.10583,-0.31464,-0.18838
0.15587,-0.30151,0.081426,0.068211,0.47197,0.0021403,0.37677,-0.078894,0.34814,0.032685,0.20262,0.30209,0.3323,-0.068241,1,0.30015,0.066882,-0.030351,-0.13189,-0.089513,-0.0037022,0.44198,0.35979,0.25187,0.39561,0.019094,0.014618,0.042916,0.23844,0.32253,0.15877,0.011934,-0.11164,-0.012774,-0.10809,0.16112,0.33206,0.21245,0.32406,0.075066,0.45242,-0.17481,0.031556,0.11659,0.22174,-0.18978,0.41399,0.19983,-0.058092,0.36112,0.096622,0.37103,-0.31731,0.40926,0.042469,0.14902,0.48803,-0.38705,0.41632,0.49317,0.39241,0.003579,0.08687,0.10775,0.35617,0.0050789,-0.14467,0.39704,0.343,-0.11372,-0.019729,-0.1369,-0.14755,0.10437,-0.051626,0.060684,0.045141,0.28615,-0.0036886,0.15728,-0.032449,0.12866,-0.080564,0.15579,0.41897,0.39468,0.017619,0.026055,0.34843,0.25701,0.061579,-0.053166,0.1257,0.02321,0.39747,0.21039,0.1361,0.049773,-0.11939,-0.49902,-0.0084251,0.40444,0.28108,0.15897,0.30872,0.17886,0.34509,-0.15256,0.36162,-0.1627,0.10434,0.35259,-0.15692,0.087497,0.10517,-0.034038,0.40986,0.22094,0.17971,0.43833,0.39697,0.11008,0.15573,0.19063,-0.24011,0.1942,0.12366,0.26058,-0.24263,0.094103,0.020239,-0.25119,0.21169,0.13917,-0.18956,0.19107,-0.2177,0.44749,0.0040968,-0.01865,0.35844,0.28956,0.002172,0.17952,0.11865,0.41738,0.41261,0.26364,0.3406,-0.28937,0.29446,-0.13861,-0.19356,0.16571,-0.040921,-0.089797,-0.31135,0.43571,0.15138,-0.11587,0.17945,0.10438,0.02238,0.18678,0.32762,0.25208,0.31243,0.011091,0.17317,0.003069,0.030051,0.21404,-0.31706,0.40804,-0.10489,0.47019,0.23843,0.51488,0.22524,0.35482,0.21239,-0.11192,-0.2549,0.1969,0.12426,0.29635,0.42047,0.39969,0.062391,-0.024808,-0.38687,0.4487,0.21099,0.12983,0.21875,-0.073721,-0.093172,0.055207,-0.093538,-0.012574,0.046772,0.2939,0.36109,0.42171,0.17254,0.15133,0.10812,0.14651,0.45532,-0.052134,0.32992,0.19395,-0.059858,0.51543,0.11368,0.44805
0.23768,-0.044181,0.11438,0.24878,0.37462,0.16203,0.34988,-0.12099,0.36353,0.22356,0.28855,0.37977,0.31516,-0.2351,0.30015,1,0.22263,0.18188,-0.046346,0.04468,0.079368,0.33894,0.39809,0.30973,0.3427,0.075503,0.045224,0.11388,0.32502,0.36946,0.22586,0.069373,0.024308,0.0096388,-0.09549,0.072451,0.13643,0.026562,0.19945,0.16733,0.3229,0.076241,0.35392,0.19933,-0.13024,0.043882,0.37188,0.24227,-0.021836,0.25507,0.06168,0.3449,-0.11241,0.24907,-0.0042552,0.18203,0.2457,-0.24767,0.33131,0.31179,0.30646,-0.084931,0.23977,0.049889,0.33994,0.20253,0.13897,0.2927,0.2432,0.041085,0.008604,-0.061281,0.050646,0.18008,-0.15332,0.23956,0.181,0.27663,0.26183,0.25124,0.087059,0.24175,-0.20539,0.25468,0.28392,0.3228,0.15188,0.016241,0.23647,0.23538,0.086872,0.046484,0.15926,0.071972,0.37309,0.34622,0.21144,-0.020333,-0.036258,-0.18718,0.15433,0.17043,0.36985,0.28988,0.32418,0.30222,0.16657,-0.11484,0.29761,-0.02902,0.033128,0.27045,0.031899,0.054341,0.17812,-0.20145,0.34361,0.23766,0.24515,0.38434,0.28389,0.14937,0.24321,0.18284,-0.047888,0.15519,0.093306,0.1391,-0.14126,0.19658,0.062193,0.0054163,0.27488,0.2799,-0.16614,0.26491,-0.091057,0.35982,0.046713,0.062088,0.34443,0.23067,-0.079206,0.13072,0.16077,0.2719,0.28648,0.16988,0.42466,-0.048966,0.27038,-0.098775,-0.1629,0.051087,0.14159,0.12605,-0.29013,0.33975,0.19181,0.058189,0.12438,0.17007,0.16705,0.32492,0.19369,0.17857,0.30459,0.0084559,0.20871,0.029585,0.15124,0.11657,-0.12071,0.34773,-0.076554,0.2802,0.25597,0.38177,0.12158,0.18045,0.081966,-0.08041,0.0052482,0.19339,-0.12761,0.29019,0.2622,0.37896,-0.047449,0.11751,-0.16508,0.16226,0.15052,0.059827,0.17927,-0.059435,-0.017318,-0.07641,-0.24,0.21187,0.037271,0.15843,0.34614,0.345,0.2851,0.17969,0.22764,0.15906,0.23081,0.035237,0.24317,0.20141,0.019699,0.29641,0.18069,0.29351
0.27503,0.076207,0.10354,0.06316,0.13019,0.069564,0.10644,-0.13987,0.29554,0.10557,0.49006,0.23763,0.12626,-0.25737,0.066882,0.22263,1,0.05565,-0.060435,0.061223,0.1696,0.12464,0.43267,0.00114,0.081094,-0.092628,-0.026291,0.04502,0.41789,-0.0059531,0.11258,0.0936,0.061092,0.078398,-0.02116,-0.088578,-0.0049518,-0.11109,0.12886,0.13032,0.12427,0.19274,0.32573,0.15054,-0.060821,0.13839,0.24494,0.089045,0.079609,0.14025,-0.12691,0.12201,-0.13667,0.017445,0.17055,0.18829,-0.036792,-0.052149,0.14865,0.15783,-0.001852,-0.09523,0.043249,0.19829,0.10083,0.30417,0.025159,0.056744,0.096537,0.043459,0.12373,-0.1411,0.1051,0.05449,0.010915,0.18585,0.13562,0.11527,0.15266,0.18593,-0.01363,0.18909,-0.12472,0.12937,0.19816,-0.012699,0.069713,0.11264,0.071191,-0.021921,-0.031364,0.0623,0.08331,-0.012439,0.29321,0.13471,0.18102,-0.1413,0.044666,0.047271,0.14232,0.0057934,0.25054,0.23054,0.073081,0.19449,0.04958,-0.039599,0.12492,0.055085,0.059831,0.27507,0.039023,-0.079506,0.18722,0.015861,0.23308,0.13298,0.12184,0.22188,0.11718,-0.02433,0.25908,0.024419,0.019159,-0.19579,0.14077,0.10635,0.05169,-0.019116,-0.03196,-0.072674,0.061082,0.12682,-0.094418,0.067607,-0.00036148,0.011776,0.042643,-0.18599,0.11265,0.11035,-0.034419,0.23783,0.062931,0.15057,0.19758,0.17619,0.21695,-0.014717,0.055979,-0.060798,-0.088927,-0.023241,0.077818,0.0011702,-0.35883,0.13908,0.089514,0.14019,-0.028859,-0.047208,0.17162,0.12787,0.18121,0.038566,0.077699,-0.013241,0.10487,0.2307,-0.039113,0.023117,0.011797,0.1474,-0.056055,0.049108,0.26962,0.18652,0.029018,0.11021,0.12463,-0.042615,0.10982,0.026789,-0.13678,0.14076,0.13005,0.16811,0.22511,0.13088,-0.051318,0.082455,0.016646,-0.0063617,0.19026,0.074395,-0.020083,-0.046262,-0.04315,0.0353,-0.042588,0.093831,0.15227,0.075927,0.059283,0.010484,0.04459,0.067326,0.057217,0.10822,0.14602,0.23282,-0.016651,0.11431,-0.14977,0.076932
0.0069088,0.13029,0.05914,0.31425,0.096946,-0.029659,0.23407,-0.062557,0.18027,0.2153,0.028148,0.010992,-0.025335,-0.038449,-0.030351,0.18188,0.05565,1,0.057378,0.032967,0.079921,0.038373,-0.0040388,0.15684,0.046727,0.14153,0.13401,0.13027,0.076638,0.21637,0.31613,-0.12488,0.22849,0.077536,-0.05872,-0.015867,0.08317,-0.10184,0.13278,0.010806,-0.007179,0.21652,0.12009,0.094778,0.063445,-0.0071126,-0.052028,0.013317,-0.15797,0.19556,0.20547,0.055752,0.13051,-0.1105,0.12666,0.010441,-0.035745,0.037598,0.012016,-0.0073596,-0.05006,0.11742,0.022212,-0.040564,0.069682,-0.00041497,0.13665,-0.10512,0.22233,-0.023726,-0.054681,0.044298,0.15402,0.15444,-0.077216,0.16219,0.093571,0.030884,0.061994,0.26417,0.023799,-0.021119,-0.075899,-0.019362,-0.041339,-0.070154,-0.036238,-0.16935,-0.07332,-0.0048447,-0.058626,-0.0055377,0.02846,-0.066585,0.068039,0.17652,-0.011668,-0.067068,0.064381,-0.0014146,0.11393,-0.032668,-0.060765,-0.022769,0.029059,0.36048,-0.020623,0.032801,0.022564,0.084812,-0.14298,0.15314,0.12085,-0.052733,0.33501,-0.14643,-0.13038,-0.0095394,-0.0065114,-0.051543,-0.011516,-0.065451,0.03258,0.011963,0.11304,0.030788,-0.01565,0.17718,0.040466,-0.0049783,0.30845,0.13575,0.16013,0.36463,0.015959,-0.063712,-0.117,0.073788,0.017482,0.0017359,0.011864,-0.15953,-0.0044344,0.017942,0.08211,-0.12149,0.0070794,0.0043629,0.15669,0.14355,0.10352,-0.019663,-0.088872,0.0486,0.063021,0.082456,-0.068539,-0.12601,0.19613,-0.11451,0.068255,-0.0059779,0.10124,-0.035276,-0.12898,-0.18943,0.039383,0.01894,0.069713,0.33851,-0.072751,0.31129,0.14644,0.14201,0.14551,0.04563,-0.024673,-0.076461,-0.080758,-0.044413,0.12274,-0.16583,0.09237,-0.10845,-0.021727,-0.016316,-0.15778,0.15748,0.0099732,0.04642,0.096029,0.048601,0.05092,0.048285,0.094102,0.066276,0.12416,0.018213,-0.031136,0.21903,0.19735,0.00024646,-0.092253,0.014049,-0.021884,-0.065652,0.2712,-0.063602,0.11798,0.33944,0.11369,0.1499,0.10833,-0.072919,-0.05849,-0.13543
0.031343,0.16466,0.13028,-0.25093,0.092233,0.39183,-0.044766,0.23998,-0.077032,0.014366,-0.29288,0.11237,0.19391,-0.056582,-0.13189,-0.046346,-0.060435,0.057378,1,0.083062,0.01307,-0.019518,-0.026391,0.082446,0.047976,-0.11472,0.16955,0.14417,0.035279,0.15752,0.06862,0.38676,0.34724,0.045967,0.11495,0.0031429,0.01874,0.0086234,-0.20235,0.010488,0.026525,-0.16465,-0.013855,-0.022781,-0.061818,0.2934,0.10061,0.23758,0.041638,-0.12641,-0.038636,0.097885,0.17376,0.018583,0.055984,-0.056797,-0.15212,0.28826,0.026164,0.02314,0.16769,-0.16529,0.31614,0.1194,0.13096,0.062277,0.20343,0.16754,-0.094272,0.35999,0.17929,0.43988,0.26986,0.18397,-0.15694,0.090104,0.077296,0.12776,0.26892,-0.0060623,0.43061,0.087847,-0.13731,0.28441,-0.20465,0.10273,0.12857,0.073207,0.16613,0.14692,0.19182,0.3017,0.2397,0.13271,0.036169,0.20133,0.024668,0.21162,0.061881,0.12026,0.076274,0.0092526,0.17892,0.29989,0.20408,-0.036588,-0.053843,0.11888,0.17933,0.027391,-0.016959,-0.15017,0.36857,0.272,0.00035604,-0.017677,0.077913,0.15024,0.25961,0.0067787,0.12032,0.14455,0.14165,0.062371,0.12804,0.11185,-0.0007661,0.16279,-0.21921,0.27622,-0.03686,0.2102,-0.034415,-0.05513,0.1068,0.21799,0.10739,-0.11294,0.21174,0.17146,0.11186,0.13828,-0.028031,-0.073809,0.21022,-0.0063668,0.02263,0.079943,0.015957,0.47693,-0.046352,0.015464,0.1286,-0.14362,0.34773,0.35544,0.055085,0.051078,0.024491,0.20921,-0.020509,0.33951,0.056329,0.22872,-0.2152,0.23791,0.086722,0.13317,0.003589,-0.1534,0.35558,-0.14217,0.0020386,-0.024634,0.029592,-0.036428,0.26854,0.020358,0.13866,-0.12093,-0.32344,0.057614,0.34635,0.27645,0.073164,0.19567,0.14375,0.06752,-0.025423,-0.080707,0.23895,-0.29878,-0.072505,0.07895,-0.019674,-0.054501,0.13081,0.13764,-0.25882,0.13862,0.19771,0.32164,0.12633,0.14655,0.15146,0.3243,0.14047,0.23265,-0.25168,0.20884,-0.018148,-0.10113,0.2425,-0.039891,0.19715,0.15995
0.11023,0.083503,0.047991,0.023275,0.0071978,0.1183,0.0057018,0.081725,-9.3932e-05,0.11552,0.01974,0.072872,0.052048,-0.07031,-0.089513,0.04468,0.061223,0.032967,0.083062,1,-0.015137,-0.030085,0.075351,0.058442,-0.044297,-0.029501,0.093893,0.093171,0.1168,-0.03892,0.051881,0.087249,0.053278,0.030409,-0.022341,0.05178,-0.0094724,-0.13216,-0.072812,0.058813,0.0027571,0.062476,0.11706,0.12415,-0.20223,0.13609,0.054457,0.080776,0.01257,-0.1438,-0.069578,0.012597,0.053839,-0.09697,0.03661,0.056338,-0.11876,0.1173,-0.034728,-0.027691,0.012356,-0.03413,0.088789,-0.010952,0.055408,0.11963,0.11476,0.027157,-0.032,0.097357,0.16547,-0.017069,0.11428,0.022052,-0.075208,0.11437,0.079519,0.03416,0.1703,0.078667,0.10463,0.025363,-0.030882,0.12071,-0.044057,0.010814,0.16963,0.046574,0.0051509,-0.0028459,-0.064854,0.10362,0.04595,0.0031711,0.11338,0.11887,0.092733,0.064994,0.043116,0.13787,0.10194,-0.082437,0.083702,0.098793,0.035829,0.059114,-0.12871,-0.029819,0.075445,0.035816,-0.049938,0.026921,0.061741,0.015249,0.003436,0.0070639,0.032197,0.047189,0.037316,-0.008287,-0.054512,0.036593,0.15872,0.001889,0.16875,-0.015207,0.052605,-0.043154,0.0022856,0.069565,0.011266,0.12714,-0.020976,0.032306,-0.005215,0.083319,0.039667,-0.0020567,-0.014,0.023448,0.029715,0.065272,0.014303,0.016696,0.058383,-0.031185,0.036833,0.075971,0.070386,0.11541,0.0046039,0.0081815,0.037563,-0.072876,0.0959,0.14556,0.13241,-0.039606,-0.017351,0.12343,-0.071632,0.090725,0.055345,0.052855,-0.048035,0.0068403,0.0083411,0.0072319,0.031021,0.017421,0.099982,-0.115,0.092649,-0.038597,-0.048531,-0.059569,0.02037,0.02995,-0.032333,-0.066588,-0.092477,0.027952,0.15792,0.072951,-0.095477,0.060748,-0.058451,0.017822,-0.039805,0.059858,0.1671,-0.11487,-0.040973,-0.013771,0.033479,0.070483,0.13385,0.016234,-0.068643,0.091839,0.044124,-0.002227,-0.032669,0.0092759,0.12124,0.030575,0.015699,0.044298,-0.15584,0.0084686,-0.057474,0.057223,0.034899,-0.023921,0.025229,0.025133
0.010133,0.073394,-0.077301,-0.12164,-0.07551,-0.072421,-0.068568,0.14904,0.018531,-0.011415,0.22804,0.11049,-0.034876,0.099114,-0.0037022,0.079368,0.1696,0.079921,0.01307,-0.015137,1,-0.20312,0.10063,-0.029544,-0.093175,-0.15779,0.084075,0.02047,0.10825,-0.016002,-0.098849,0.053023,0.074217,0.16799,0.049944,-0.23708,-0.15365,-0.2634,-0.041622,0.052614,-0.1749,0.1207,0.26205,0.020872,0.089462,-0.09161,-0.040377,-0.21089,0.05029,-0.025962,0.033735,-0.1699,0.057212,-0.092017,0.37197,-0.047367,-0.18686,0.13633,-0.1024,-0.11819,-0.089275,0.093053,-0.18999,0.065205,-0.09069,0.19349,-0.010469,-0.17099,-0.12339,0.070236,0.00035819,0.013367,0.094076,0.16491,0.12699,0.085026,-0.027742,-0.2176,-0.073677,-0.09121,0.00028405,0.11777,-0.07337,-0.050175,-0.052409,-0.20077,-0.0033964,0.13287,-0.068525,-0.14782,-0.07962,-0.028917,0.01481,-0.11013,-0.017902,-0.1455,-0.032318,-0.24304,0.078442,0.2491,0.257,-0.11409,-0.043214,-0.0064441,-0.19651,0.003022,-0.04534,0.050952,-0.029721,0.033452,0.05663,0.039057,0.0050278,-0.23168,0.027708,0.22351,-0.032397,0.19167,-0.0056196,-0.053967,-0.068491,-0.21986,0.073867,-0.19592,0.058949,-0.31322,0.081681,0.0019904,0.23761,-0.17225,-0.13821,0.13391,-0.14822,-0.16648,0.15839,-0.059399,0.075406,-0.12556,0.027828,-0.17169,-0.076288,-0.0074498,-0.07558,0.17946,-0.033637,-0.052219,-0.082716,-0.14949,-0.046168,0.09972,-0.20572,-0.19734,-0.03104,0.033347,-0.011365,-0.13048,-0.13484,0.033364,-0.0703,0.026737,-0.047538,-0.15554,0.085548,-0.10596,0.037767,-0.10227,-0.0968,-0.14516,-0.039643,0.12547,-0.17221,0.039181,-0.11858,-0.087906,0.059007,-0.11305,0.14777,-0.097309,-0.11507,-0.097692,0.085076,0.090804,0.17128,-0.11918,-0.010642,-0.059126,-0.075551,-0.12857,0.2195,-0.074486,-0.09814,0.098667,-0.050957,-0.034828,0.16658,0.080508,-0.042324,0.11682,0.17394,0.13775,0.23776,0.15196,-0.05262,-0.13832,-0.095508,-0.061241,-0.19241,-0.21388,-0.14398,0.23209,0.0018167,0.13034,0.073818,0.027651,-0.21997,-0.06353
