1,0.036177,0.22452,0.15349,0.41859,0.32069,0.29968,-0.074196,0.3939,0.19518,0.2077,0.39381,0.4272,-0.24875,0.17064,0.2754,0.27782,-0.034041,0.026792,0.14538,-0.086527,0.45156,0.44439,0.16182,0.37135,0.18501,0.097007,0.13822,0.43375,0.23111,0.2984,0.19429,0.061664,-0.057664,-0.099281,0.11024,0.24361,0.069727,0.21686,0.033225,0.42119,-0.076036,0.21444,0.39353,-0.15773,0.26903,0.43789,0.39253,0.1402,0.35096,-0.12355,0.40829,-0.26224,0.23559,-0.1463,0.23986,0.2548,-0.16808,0.43266,0.3623,0.35216,-0.13957,0.38228,0.30445,0.35779,0.2138,0.017723,0.38344,0.21731,0.026906,0.23201,0.0082651,0.095285,0.053853,-0.13573,0.30374,0.096388,0.42289,0.38016,0.25767,0.30531,0.2269,-0.17428,0.43419,0.3669,0.38997,0.22745,-0.00017192,0.32548,0.23636,0.00037955,0.25155,0.20141,0.15171,0.55198,0.38809,0.19166,0.19666,-0.034494,-0.18071,-0.048031,0.22361,0.49192,0.37158,0.39779,0.21553,0.14122,-0.19294,0.3079,-0.05966,0.10043,0.30905,0.21127,0.22674,0.17964,-0.099414,0.46231,0.17668,0.28222,0.47389,0.37229,0.10402,0.24816,0.34294,0.042256,0.021191,0.30003,0.16102,-0.22433,0.27336,0.054308,-0.14717,0.24225,0.23997,-0.23071,0.40917,-0.064512,0.39201,0.12389,-0.015112,0.40887,0.3598,0.011924,0.12916,0.12014,0.33988,0.44179,0.40939,0.38132,0.026874,0.31559,0.14487,-0.10293,-0.077834,0.21837,0.27162,-0.1848,0.3671,0.19736,0.23282,0.10086,0.14421,0.17316,0.39948,0.27707,0.28837,0.39025,0.16983,0.23813,0.10695,0.2915,-0.051865,-0.14052,0.41155,-0.14642,0.23387,0.27496,0.40289,0.37648,0.35672,0.059077,-0.10945,0.098715,0.27255,-0.22432,0.28397,0.30386,0.36169,0.11958,0.27255,-0.13653,0.027973,0.063445,0.12564,0.10006,-0.027045,0.033963,-0.14455,-0.30374,0.16205,-0.064093,0.19166,0.38143,0.32575,0.32222,0.2829,0.27527,0.37788,0.13425,-0.043208,0.2246,0.15093,0.012503,0.2227,0.26048,0.33242
0.036177,1,-0.0029036,0.023524,-0.15984,0.16498,-0.12674,0.095042,-0.014732,0.13149,-0.079625,-0.013346,-0.05979,-0.052534,-0.34478,-0.0063478,0.094143,0.18411,0.18895,0.11066,0.14728,-0.18018,-0.096986,-0.088413,-0.091926,0.054984,0.17976,-0.0066351,0.0077198,-0.03698,-0.050783,0.018713,0.07663,-0.0053108,0.082801,-0.079091,-0.2243,-0.22197,-0.20097,0.1361,-0.17567,0.15788,0.21132,0.013642,-0.35616,0.18819,-0.078848,0.040434,0.028227,-0.13141,-0.011989,-0.078454,0.15213,-0.22752,0.056889,-0.075133,-0.34081,0.18898,-0.15416,-0.29978,-0.12296,-0.07429,0.10167,-0.017915,-0.082438,0.12607,0.18093,-0.13561,-0.17124,0.26659,0.027098,0.12463,0.29846,0.04312,-0.021315,0.13187,0.041347,-0.083417,0.16582,-0.0080811,0.20592,0.014338,-0.11657,0.065835,-0.21465,-0.15848,0.045777,-0.0004132,-0.075873,-0.073392,-0.04608,0.20061,-0.038901,-0.056756,-0.092191,0.024729,-0.0067062,-0.11865,0.10155,0.33934,0.21176,-0.22593,0.0195,0.065818,-0.079867,-0.025727,-0.21024,0.13493,-0.054633,0.10052,0.0030431,-0.15216,0.27166,-0.025904,0.056059,-0.04982,-0.15428,0.059947,0.10078,-0.14558,-0.097519,-0.038872,0.018183,-0.052939,0.22429,-0.17192,-0.013518,-0.15765,0.10287,-0.038842,0.020489,0.25885,-0.11675,-0.020008,0.081711,0.01985,0.17575,-0.1812,0.058738,-0.0044276,-0.067592,-0.13738,-0.12871,-0.062024,-0.0063153,-0.25694,-0.19732,-0.12952,-0.033973,0.41526,-0.1495,-0.030774,0.11307,-0.09289,0.17744,0.23455,0.028338,-0.076525,-0.028521,0.20285,-0.069378,0.051828,0.12238,0.004184,-0.13892,-0.16951,-0.039952,0.049749,-0.033648,0.00041654,0.10659,-0.15367,0.15886,-0.12255,0.080758,-0.34207,0.045453,-0.25386,-0.072601,-0.23813,-0.21762,-0.012111,0.29504,-0.050275,-0.22551,-0.085139,-0.19827,-0.12393,0.014767,0.072272,0.15408,-0.34675,-0.24243,-0.11137,0.042241,-0.041078,0.088209,-0.016261,-0.063447,0.18437,0.066597,-0.183,-0.12895,-0.15811,-0.011334,0.0056536,0.03692,0.0091692,-0.34466,0.11912,-0.083861,-0.16649,0.17095,-0.22912,-0.0068907,-0.20647
0.22452,-0.0029036,1,0.045659,0.29587,0.38268,0.24775,-0.13032,0.22962,0.12665,-0.050127,0.24175,0.37473,-0.21943,0.066901,0.14845,0.10401,0.0040135,0.10908,0.077349,-0.21635,0.42214,0.16494,0.17497,0.32926,0.11764,-0.06186,-0.022501,0.33221,0.21642,0.2866,0.25546,0.053994,-0.12449,-0.067421,0.22168,0.22486,0.23103,0.096335,-0.024387,0.36916,-0.080788,-0.072746,0.12724,-0.11454,0.33174,0.32797,0.46949,0.067382,0.16469,-0.15072,0.34521,-0.11223,0.27731,-0.40162,0.19316,0.20517,-0.10869,0.27391,0.323,0.35857,-0.16872,0.46706,0.19492,0.30914,0.051045,0.0064785,0.3836,0.12262,0.062677,0.17288,0.17666,0.089023,-0.0067609,-0.21367,0.21751,0.18214,0.40687,0.30478,0.16595,0.30103,0.12216,-0.036028,0.26316,0.23937,0.36323,0.08694,-0.071132,0.34598,0.19177,0.34006,0.22112,0.086871,0.12798,0.32693,0.40341,0.23379,0.32442,-0.11674,-0.22388,-0.21319,0.14597,0.44895,0.31545,0.4614,0.12408,0.24422,-0.062761,0.26305,-0.048436,0.12129,0.13328,0.25994,0.35036,0.061083,-0.33989,0.39622,0.13029,0.24205,0.33328,0.31167,0.30657,0.26143,0.40419,-0.021173,0.31518,0.12005,0.12516,-0.36533,0.43649,0.049868,0.003275,0.26081,0.25861,-0.23262,0.44177,-0.04957,0.23971,0.13741,0.24751,0.36445,0.30594,0.13267,0.0040417,0.24192,0.31878,0.37656,0.28923,0.29382,0.096917,0.37037,0.2821,-0.12215,-0.07909,0.18739,0.37497,-0.042923,0.31255,0.18637,0.20459,0.084056,0.36472,0.092638,0.42171,0.093911,0.30664,0.29002,0.11095,0.20683,-0.070697,0.35766,-0.093872,-0.031826,0.2793,-0.074861,0.19275,0.17706,0.29584,0.23783,0.2421,-0.020314,-0.053856,-0.0029074,0.46866,-0.050367,0.33066,0.31381,0.27746,-0.019371,0.21883,0.11858,-0.18223,0.12786,0.16873,-0.076048,-0.06645,0.078941,-0.21035,-0.44875,0.088185,-0.067522,0.13583,0.36397,0.33945,0.43715,0.36106,0.29671,0.46214,0.14474,-0.12455,0.073702,0.038621,0.031439,0.12874,0.40265,0.35232
0.15349,0.023524,0.045659,1,0.29414,0.0049205,0.41542,-0.21458,0.36581,0.3381,0.092682,0.057609,0.12966,-0.21649,0.12834,0.2705,0.076989,0.38726,-0.14741,0.019575,-0.1465,0.29564,0.25067,0.32009,0.24894,0.41865,0.22188,0.20022,0.1406,0.2524,0.36416,-0.21287,0.1983,-0.01862,-0.053108,-0.02905,0.27385,0.095809,0.21589,0.21536,0.2273,0.13158,0.20388,0.029408,-0.017506,-0.062193,0.10614,0.14848,-0.072296,0.29218,0.19724,0.3389,-0.049469,0.12984,-0.045832,-0.0084292,0.20594,-0.20394,0.26042,0.13847,0.012194,0.072182,0.17033,-0.015605,0.19422,-0.063501,0.18543,0.073444,0.41179,-0.10713,-0.18349,-0.019783,0.095353,0.1391,-0.24322,0.2692,0.17679,0.24225,0.1955,0.45444,0.044524,0.042684,-0.1225,0.062273,0.17887,0.16394,-0.068586,-0.267,-0.016432,0.22038,-0.089655,0.022472,-0.044956,0.043372,0.15715,0.27846,0.062081,-0.0072932,0.021998,-0.17206,0.15974,0.13176,0.085693,0.0081082,0.23684,0.5616,0.060994,-0.14152,0.0622,-0.014128,-0.11578,0.2457,0.099358,0.10816,0.48535,-0.21343,0.066998,-0.1479,0.15793,0.23745,0.1143,0.03416,0.13145,0.12714,0.042938,0.20148,-0.12498,0.27635,-0.065636,0.021836,0.54219,-0.012138,0.36617,0.54247,-0.17131,0.12987,-0.27445,0.3148,0.031712,0.11745,0.16475,-0.12152,-0.030567,0.13322,0.053874,0.081625,0.047408,0.13035,0.32805,0.035563,0.3234,-0.13329,-0.066334,0.06511,0.17817,0.08868,-0.15352,0.0021512,0.24214,-0.15422,0.15945,-0.015541,0.13494,0.026854,0.16764,0.0055283,0.20638,0.12129,0.12237,0.27679,0.061073,0.26491,0.090368,0.36472,0.081205,0.21842,-0.0055756,0.12029,-0.10947,0.089849,0.15877,-0.3308,-0.12734,-0.088962,-0.064097,-0.035334,-0.00049831,0.39667,-0.19091,0.034041,-0.074235,0.15046,0.12406,0.031804,0.033083,-0.094629,0.12415,-0.14764,-0.12678,0.075401,-0.13317,-0.058887,-0.018505,0.1651,0.059776,0.0018839,0.46578,0.039039,0.24564,0.3094,0.27409,0.092101,0.011325,0.056638,0.1212,-0.079336
0.41859,-0.15984,0.29587,0.29414,1,0.42698,0.51963,-0.28427,0.49256,0.2119,0.10665,0.53859,0.5805,-0.3267,0.48095,0.41749,0.11764,0.027149,-0.053443,0.010516,-0.28123,0.72111,0.53997,0.4261,0.60908,0.22708,0.038865,0.1176,0.49692,0.55254,0.41329,0.17992,0.10507,-0.16377,-0.15292,0.25398,0.49515,0.39732,0.34694,0.23449,0.6732,-0.18754,0.11036,0.25203,0.029271,0.17965,0.65918,0.57202,-0.0095952,0.36299,-0.058196,0.69013,-0.32875,0.52776,-0.43919,0.15449,0.53609,-0.51934,0.70064,0.6921,0.58647,-0.19579,0.56393,0.195,0.62381,0.10322,0.083486,0.63346,0.46486,-0.04188,0.053279,0.049451,0.008001,0.065337,-0.30235,0.28692,0.31356,0.64675,0.40897,0.30388,0.23135,0.20861,-0.21264,0.44583,0.58193,0.63957,0.19274,-0.031413,0.57196,0.50922,0.22773,0.21359,0.22682,0.19687,0.60384,0.64056,0.28049,0.29649,-0.17733,-0.56984,-0.018581,0.53256,0.58564,0.46749,0.67322,0.37435,0.45437,-0.37629,0.53732,-0.16063,0.22272,0.40948,0.030385,0.35438,0.15008,-0.42492,0.6146,0.21139,0.41009,0.5852,0.59918,0.37034,0.42257,0.49542,-0.10482,0.43921,0.15162,0.22704,-0.49932,0.46199,0.15564,-0.11781,0.40678,0.34941,-0.40283,0.60923,-0.29958,0.63131,0.058625,0.17936,0.64024,0.4009,-0.017083,0.1004,0.28668,0.51354,0.57018,0.47007,0.54855,-0.18429,0.54183,-0.019351,-0.26766,0.081225,0.19428,0.29903,-0.27001,0.547,0.29746,0.079421,0.24341,0.35132,0.18815,0.54808,0.24574,0.42532,0.50636,0.23522,0.39756,-0.04774,0.39196,0.0040883,-0.15079,0.65719,-0.15755,0.58559,0.2767,0.62978,0.23019,0.396,0.13901,-0.10074,-0.24933,0.45076,0.08796,0.46321,0.56276,0.74557,-0.062037,0.15874,-0.23067,0.14739,0.26012,0.20585,0.018121,-0.21755,0.027313,-0.24892,-0.49928,0.12093,-0.10287,0.31335,0.57873,0.69325,0.48153,0.4324,0.4553,0.4887,0.42716,-0.19406,0.3821,0.14163,-0.00067754,0.4441,0.44968,0.59869
0.32069,0.16498,0.38268,0.0049205,0.42698,1,0.24167,-0.065139,0.21974,0.15937,-0.20549,0.46699,0.60214,-0.41183,-0.054986,0.17335,0.058045,-0.096762,0.39524,0.1526,-0.24721,0.4505,0.28141,0.24375,0.51387,0.14814,0.10751,0.040675,0.42579,0.4087,0.22956,0.51889,0.20647,-0.22377,0.032203,0.25141,0.19246,0.31755,-0.069804,0.20961,0.44196,-0.20602,0.104,0.17973,-0.42535,0.57439,0.57004,0.7304,0.06011,0.064095,-0.29348,0.50146,-0.19451,0.28239,-0.63876,0.11391,0.080381,-0.15992,0.39306,0.34087,0.58436,-0.41081,0.80307,0.20324,0.50513,0.17566,0.24446,0.56082,0.050587,0.3825,0.25175,0.39657,0.32573,0.10502,-0.34672,0.32881,0.34454,0.56999,0.66485,0.11134,0.61814,0.1875,-0.26972,0.58392,0.28621,0.48943,0.19677,0.073595,0.52966,0.41946,0.4625,0.4682,0.26991,0.25918,0.38661,0.67361,0.28237,0.46961,-0.14924,-0.16192,-0.03089,0.22037,0.654,0.57939,0.65855,0.029129,0.19708,-0.14882,0.45295,-0.053773,0.29884,-0.0082162,0.46581,0.55609,-0.054598,-0.51636,0.46314,0.21567,0.48336,0.3734,0.52383,0.47782,0.43939,0.50706,0.14487,0.36125,0.11304,-0.012502,-0.5484,0.66172,-0.049429,0.17047,0.2813,0.16211,-0.25748,0.77436,0.092166,0.24475,0.22603,0.40297,0.54994,0.35078,-0.026001,-0.073368,0.39966,0.27557,0.34919,0.3228,0.32509,0.3544,0.33262,0.18188,-0.19451,-0.13125,0.45636,0.69402,-0.098503,0.38406,0.26757,0.42437,0.12702,0.62286,0.2294,0.68075,-0.11453,0.40053,0.43215,0.32178,0.35415,-0.37406,0.74289,-0.39919,0.018033,0.32896,-0.11484,0.11806,0.37013,0.28636,0.29224,0.1166,-0.30247,0.0065452,0.13818,0.65782,-0.072158,0.54684,0.43982,0.40026,-0.11374,0.20808,0.085253,-0.51402,0.057674,0.15307,-0.13271,-0.30078,0.1336,-0.24217,-0.74711,0.22413,-0.097409,0.15986,0.51048,0.52877,0.57949,0.66075,0.40805,0.66343,-0.11436,-0.27661,0.0043826,-0.15187,0.25165,0.10017,0.63867,0.46153
0.29968,-0.12674,0.24775,0.41542,0.51963,0.24167,1,-0.22814,0.4623,0.34304,0.10213,0.3342,0.47093,-0.24324,0.36586,0.34557,0.091342,0.20901,-0.092061,0.0036937,-0.21438,0.57003,0.46369,0.47888,0.56584,0.27799,0.065865,0.089067,0.37826,0.50383,0.41375,0.16184,0.18876,-0.070351,-0.099052,0.13433,0.50435,0.25904,0.21037,0.19662,0.48157,-0.073374,0.17787,0.22629,0.047684,0.06642,0.48233,0.44663,-0.056334,0.40246,-0.0068732,0.42172,-0.29666,0.43718,-0.38378,0.10649,0.40492,-0.42332,0.47374,0.47613,0.4649,-0.11861,0.43752,0.11547,0.47881,0.098219,0.15043,0.42125,0.46662,-0.055223,-0.012792,0.03416,0.054918,0.1493,-0.26087,0.32273,0.27782,0.46314,0.30055,0.41892,0.12771,0.13946,-0.23214,0.39586,0.44748,0.441,-0.024166,-0.11501,0.41012,0.43062,0.13331,0.12518,0.11591,0.12769,0.4343,0.51185,0.18212,0.24951,-0.17415,-0.39427,0.019374,0.34332,0.42551,0.27297,0.56105,0.39459,0.37457,-0.40845,0.27738,-0.085274,0.16117,0.2765,0.054736,0.27104,0.19166,-0.36213,0.45937,0.12069,0.19735,0.50601,0.53715,0.22856,0.36554,0.42658,-0.029601,0.33055,0.079763,0.23327,-0.37517,0.34521,0.36369,-0.14277,0.48881,0.42477,-0.20833,0.48158,-0.3262,0.41113,0.045516,0.1514,0.48894,0.201,-0.014221,0.15248,0.26358,0.38414,0.38615,0.33139,0.47681,-0.11895,0.52927,-0.062455,-0.2749,0.088667,0.19257,0.24776,-0.29071,0.37921,0.28193,-0.03153,0.2665,0.22443,0.17903,0.40371,0.19637,0.23241,0.43307,0.24955,0.30254,0.0325,0.24941,0.11228,-0.073032,0.55356,-0.10429,0.41562,0.1987,0.32684,0.12512,0.33736,0.1818,-0.22972,-0.25755,0.33161,0.05732,0.29796,0.36863,0.5416,-0.067065,0.10223,-0.18049,0.075902,0.21679,0.1647,-0.13038,-0.19336,0.055212,-0.22951,-0.36488,0.17213,-0.20377,0.14535,0.35616,0.49914,0.33724,0.3508,0.57737,0.32956,0.33399,0.057015,0.23396,0.13364,0.078047,0.28591,0.36062,0.41808
-0.074196,0.095042,-0.13032,-0.21458,-0.28427,-0.065139,-0.22814,1,-0.26353,-0.081223,-0.074156,-0.13114,-0.15799,0.10741,-0.2038,-0.19915,-0.1752,-0.16727,0.11659,0.096164,0.11934,-0.33735,-0.20057,-0.17936,-0.27137,-0.075154,0.092787,-0.095388,-0.15608,-0.20495,-0.28083,-0.023627,-0.11406,0.020668,0.13445,-0.13615,-0.22653,-0.21613,-0.30068,-0.0018342,-0.30518,-0.015874,0.040049,-0.077553,-0.14061,0.028287,-0.15686,-0.16332,0.02503,-0.256,-0.076797,-0.35343,0.14633,-0.24847,0.13618,-0.08567,-0.24209,0.22971,-0.33057,-0.37055,-0.16269,0.0070472,-0.15187,-0.06519,-0.1935,0.05756,0.030269,-0.18966,-0.30812,0.15921,0.071824,0.022653,0.037695,0.015154,0.15181,-0.039542,-0.11072,-0.26876,-0.10614,-0.2229,0.04579,-0.045704,0.018608,-0.033259,-0.28571,-0.27568,-0.0071467,0.11597,-0.16014,-0.17306,-0.098051,0.048921,-0.081452,-0.037571,-0.22758,-0.24145,-0.08914,-0.013852,0.036689,0.35269,0.049329,-0.23654,-0.17482,-0.073693,-0.24718,-0.304,-0.22688,0.089509,-0.15324,0.020954,-0.032405,-0.20613,0.019637,-0.05317,-0.24379,0.21921,-0.23124,-0.035503,-0.14029,-0.22883,-0.17473,-0.098275,-0.085788,-0.20477,0.12033,-0.24761,-0.012814,-0.23092,0.14563,-0.12077,-0.15344,0.085698,-0.25697,-0.20132,0.22944,-0.13062,0.25067,-0.30608,-0.0017673,-0.064239,-0.22756,-0.12446,0.0011997,-0.0066831,-0.048502,-0.2498,-0.23936,-0.17318,-0.28259,0.18331,-0.3122,0.0015746,0.18192,-0.036532,-0.018009,-0.034159,0.2878,-0.1669,-0.20453,0.063927,-0.12714,-0.009834,-0.070026,-0.14529,-0.12915,-0.19367,-0.18628,-0.072413,-0.10139,-0.065687,-0.011696,-0.15348,0.042862,-0.32373,0.074072,-0.31194,-0.084889,-0.29155,-0.010862,-0.22237,-0.14681,0.067894,0.16369,-0.08404,-0.043601,-0.12464,-0.21287,-0.36866,0.013887,-0.085975,0.1232,-0.17221,-0.15672,-0.10174,-0.078585,0.091292,0.043657,0.12549,0.17149,-0.0071852,0.030449,-0.088863,-0.18953,-0.24127,-0.15772,-0.095417,-0.28386,-0.16083,-0.33088,-0.026351,-0.25627,-0.1,0.065399,-0.18818,-0.052989,-0.15309
0.3939,-0.014732,0.22962,0.36581,0.49256,0.21974,0.4623,-0.26353,1,0.29371,0.25979,0.39315,0.41075,-0.26235,0.3613,0.38665,0.31426,0.16569,-0.15978,0.005526,-0.052869,0.55399,0.4807,0.29758,0.45506,0.18888,0.040233,-0.0021589,0.44897,0.31819,0.38525,0.049302,0.055036,-0.021341,-0.12305,0.16716,0.32484,0.11642,0.28854,0.082244,0.47367,0.093495,0.21255,0.17066,0.00058274,0.12652,0.48797,0.40673,0.094542,0.42322,-0.020191,0.4668,-0.32747,0.36169,-0.21465,0.23384,0.32812,-0.33874,0.47522,0.47838,0.33517,-0.0651,0.36439,0.28247,0.39585,0.16707,-0.057622,0.37893,0.34149,-0.075771,0.095628,-0.096688,0.031485,0.0576,-0.19279,0.32291,0.22509,0.43255,0.30055,0.33703,0.18528,0.20174,-0.15992,0.28274,0.46281,0.37156,0.11079,-0.082129,0.34905,0.2733,0.085904,0.09123,0.12139,0.05188,0.52065,0.45415,0.21287,0.089727,-0.098365,-0.32503,0.0049237,0.24349,0.48306,0.29348,0.4723,0.40114,0.32055,-0.12534,0.3389,-0.043023,0.1453,0.3448,0.13708,0.12814,0.35326,-0.26754,0.51145,0.18523,0.24836,0.50401,0.44022,0.1907,0.31941,0.3659,-0.053571,0.20723,0.20065,0.29815,-0.25653,0.25647,0.20034,-0.14067,0.38725,0.43369,-0.30683,0.39638,-0.22111,0.4367,0.051169,-0.011241,0.42207,0.27706,0.0044524,0.15811,0.1744,0.43495,0.44943,0.35741,0.48965,-0.10532,0.45329,0.0032062,-0.2519,0.033249,0.15768,0.19032,-0.34903,0.43462,0.25104,0.074043,0.22412,0.14898,0.23652,0.33086,0.3337,0.27763,0.41575,0.10906,0.29421,0.14301,0.16558,0.15034,-0.12468,0.49744,-0.11447,0.35864,0.23838,0.45786,0.14932,0.37882,0.27579,-0.17314,-0.082493,0.2727,-0.15569,0.28085,0.37031,0.49848,0.081343,0.224,-0.20147,0.15795,0.16986,0.15519,0.17112,-0.071819,0.047514,-0.24834,-0.29341,0.10263,-0.10741,0.17575,0.36194,0.39208,0.30742,0.28334,0.38615,0.34036,0.31252,0.0093811,0.31885,0.24097,-0.066792,0.29724,0.23859,0.33516
0.19518,0.13149,0.12665,0.3381,0.2119,0.15937,0.34304,-0.081223,0.29371,1,0.06717,0.21497,0.23852,-0.12839,0.014222,0.21323,0.10439,0.19975,0.025554,0.14588,-0.067769,0.2709,0.24202,0.40452,0.2219,0.31217,0.078336,0.12285,0.24306,0.16635,0.27245,0.09345,0.12606,-0.016645,-0.079339,0.048573,0.19458,-0.023224,-0.038256,0.21171,0.20806,0.12302,0.31849,0.082682,-0.20226,0.15097,0.18113,0.27911,0.050789,0.18871,0.0067208,0.23476,-0.094935,0.17742,-0.17699,0.036055,0.03798,-0.071471,0.22985,0.11198,0.15036,-0.063221,0.30532,0.077785,0.19431,0.10308,0.21185,0.15812,0.12885,0.029328,-0.086711,-0.035435,0.17996,0.1119,-0.21141,0.35826,0.21968,0.24821,0.25836,0.31082,0.21553,0.095437,-0.1403,0.26012,0.1185,0.16191,0.1369,-0.14651,0.19596,0.171,0.0021273,0.07932,0.039588,0.033322,0.28147,0.3241,0.13907,0.11456,-0.0042577,0.0073728,0.13835,-0.0065961,0.22968,0.13711,0.27181,0.32047,0.055145,-0.10228,0.17025,0.0087483,0.024683,0.1269,0.14991,0.12244,0.19603,-0.20116,0.24034,0.12051,0.15527,0.29349,0.20946,0.17501,0.32016,0.17722,0.08823,0.19824,-0.028442,0.13996,-0.14944,0.23611,0.24733,0.10172,0.30616,0.38079,-0.11125,0.25597,-0.10571,0.21528,0.038947,0.054613,0.23928,0.1253,0.005954,0.11151,0.15239,0.16389,0.12481,0.1581,0.28405,0.15905,0.29264,-0.014386,-0.11123,-0.031542,0.26908,0.31706,-0.048266,0.16249,0.12324,0.12609,0.085817,0.13074,0.17605,0.14295,0.14053,0.096677,0.25666,0.10143,0.19322,0.068742,0.18261,0.0011443,0.036363,0.21891,-0.026586,0.086347,0.038405,0.088932,-0.083634,0.087797,0.081197,-0.17043,0.028242,0.16552,-0.20022,0.077921,0.042884,0.25743,-0.079715,0.10738,0.059818,-0.072612,0.026409,0.029852,0.029808,-0.14118,0.20773,-0.19159,-0.25077,0.16438,-0.086913,0.047738,0.06378,0.16022,0.29858,0.14552,0.34535,0.17668,0.0016558,0.16065,0.086242,0.045951,0.12071,0.064185,0.1826,0.1189
0.2077,-0.079625,-0.050127,0.092682,0.10665,-0.20549,0.10213,-0.074156,0.25979,0.06717,1,0.223,0.011035,-0.15139,0.23458,0.30704,0.4943,0.025876,-0.37003,0.034402,0.3685,0.020025,0.39428,0.066502,-0.0014674,-0.081041,-0.028858,-0.00023296,0.32839,-0.00053736,0.041461,-0.13514,-0.045828,0.22409,-0.094191,-0.20094,-0.05263,-0.18315,0.21033,0.12294,0.0078679,0.27684,0.45068,0.12512,0.1655,-0.19186,0.1974,-0.13711,0.046099,0.18547,-0.027034,-0.0022409,-0.122,0.015325,0.37466,0.15349,0.077458,-0.14099,0.12559,0.159,-0.050867,0.1041,-0.22623,0.14553,-0.0076799,0.2787,0.0143,-0.033813,0.12495,-0.14999,-0.03353,-0.28376,-0.083275,0.070993,0.15565,0.13706,0.080394,-0.10659,-0.10897,0.13084,-0.20266,0.16335,-0.09332,-0.02819,0.1861,-0.060043,0.040576,0.092557,-0.10143,-0.07191,-0.22178,-0.1506,-0.022494,-0.11234,0.20274,-0.084056,0.067521,-0.34779,0.049201,0.074273,0.20211,0.018818,0.052766,0.022602,-0.10863,0.16113,0.071224,-0.17731,0.0053844,0.02841,-0.044351,0.37132,-0.29787,-0.28468,0.12838,0.20104,0.087161,0.03964,-0.058702,0.19734,0.013206,-0.19696,0.14581,-0.11945,0.0068267,-0.26423,0.093414,0.063241,0.25012,-0.21262,-0.060618,-0.14376,-0.019659,0.043683,-0.038464,-0.043959,-0.077278,0.038688,-0.19133,-0.19662,0.006301,0.073655,-0.034263,0.28613,-0.09347,0.1218,0.067497,0.018023,0.12215,-0.30139,0.015135,-0.21204,-0.074406,0.097233,-0.13527,-0.3273,-0.27488,0.10644,0.022831,-0.050013,-0.054202,-0.28882,0.11747,0.025829,0.23232,-0.047755,0.0049482,-0.17962,0.0046243,0.29692,-0.25779,0.14152,-0.10226,0.081553,-0.10902,0.16489,0.08222,0.1812,-0.096001,0.13071,0.31984,0.011533,0.046373,-0.17878,-0.085018,-0.061134,0.020113,0.089782,0.19541,0.01739,-0.26393,0.38699,0.13274,-0.1003,0.15732,0.18873,-0.12538,-0.052363,0.22988,0.092369,-0.026547,0.093981,0.090228,-0.027381,-0.064614,-0.19692,-0.1272,-0.18258,0.18871,0.154,0.16377,0.40848,-0.11145,0.15757,-0.20051,0.027996
0.39381,-0.013346,0.24175,0.057609,0.53859,0.46699,0.3342,-0.13114,0.39315,0.21497,0.223,1,0.54348,-0.29728,0.31136,0.41547,0.23807,-0.034274,0.098104,0.10824,0.075093,0.38185,0.67185,0.42077,0.44899,-0.017502,0.17851,0.15816,0.62357,0.48473,0.15326,0.29273,0.077132,-0.07692,-0.078031,-0.036392,0.18145,0.059595,0.081746,0.38965,0.42722,-0.038841,0.35198,0.23121,-0.25813,0.23909,0.69756,0.46265,0.067031,0.12445,-0.22501,0.45225,-0.31218,0.30943,-0.29714,0.020543,0.16215,-0.34386,0.50409,0.45351,0.53363,-0.22148,0.48992,0.15402,0.5136,0.3814,0.18609,0.43066,0.10458,0.23138,0.02994,0.0091759,0.11789,0.094852,-0.22641,0.34989,0.42791,0.42104,0.45961,0.16211,0.31078,0.25262,-0.31946,0.54654,0.41508,0.43007,0.21497,0.17615,0.55822,0.39563,0.20475,0.23328,0.26891,0.096865,0.54291,0.55293,0.29733,0.18138,-0.14518,-0.17671,0.2296,0.24789,0.55983,0.46119,0.47986,0.12724,0.23047,-0.36103,0.58226,-0.11824,0.2368,0.29128,0.022031,0.19584,-0.12866,-0.31891,0.56303,0.39591,0.3812,0.46678,0.54019,0.33876,0.59916,0.24238,0.017894,0.12599,0.24493,-0.0085592,-0.37252,0.4437,-0.1072,0.12503,0.18188,0.098986,-0.26408,0.55486,-0.078542,0.38893,0.028145,0.019932,0.53499,0.40459,-0.11267,0.21655,0.2936,0.34114,0.38388,0.30141,0.40868,0.0068319,0.24102,-0.13653,-0.30532,-0.041548,0.20983,0.32612,-0.24406,0.53106,0.073839,0.30668,0.14036,0.33875,0.26451,0.48311,0.10821,0.31315,0.3924,0.16902,0.35708,-0.12358,0.33568,-0.25783,-0.15622,0.35269,-0.19548,0.27602,0.40424,0.48974,0.11854,0.12582,0.024837,0.094145,0.061999,0.41644,-0.13228,0.54673,0.47555,0.52535,0.1163,0.068391,-0.21132,-0.058005,0.16483,0.10598,0.095256,-0.17416,0.084384,-0.18446,-0.44289,0.19935,0.05899,0.35879,0.46487,0.53745,0.40831,0.38069,0.14474,0.33938,0.032729,-0.28324,0.15055,0.062915,0.11807,0.33024,0.3216,0.56482
0.4272,-0.05979,0.37473,0.12966,0.5805,0.60214,0.47093,-0.15799,0.41075,0.23852,0.011035,0.54348,1,-0.30994,0.32097,0.34881,0.11765,-0.089803,0.12127,0.073078,-0.21945,0.61235,0.48959,0.39596,0.63557,0.23075,0.10207,0.02835,0.51162,0.50385,0.2496,0.38703,0.16231,-0.15223,-0.048398,0.23984,0.32563,0.3379,0.14215,0.22155,0.57917,-0.23228,0.14927,0.28632,-0.18986,0.34093,0.65484,0.68042,0.10968,0.30887,-0.22762,0.57035,-0.33371,0.48712,-0.56928,0.13592,0.36215,-0.36224,0.56415,0.49759,0.67129,-0.30462,0.68378,0.258,0.61557,0.17462,0.14676,0.64135,0.20606,0.19001,0.15899,0.17379,0.15328,0.12735,-0.29003,0.36484,0.32064,0.60765,0.53693,0.23031,0.47406,0.21836,-0.27928,0.60365,0.48723,0.59119,0.10533,0.032658,0.64655,0.474,0.35931,0.31528,0.23815,0.23023,0.54618,0.65632,0.30871,0.41862,-0.20862,-0.34137,-0.041494,0.37361,0.71219,0.50556,0.72076,0.16518,0.31947,-0.32657,0.49721,-0.1434,0.29905,0.2165,0.26411,0.50291,-0.012853,-0.42608,0.67552,0.30178,0.41079,0.59013,0.66627,0.41002,0.49664,0.4977,0.020036,0.3687,0.17654,0.11757,-0.56641,0.59221,0.024218,-0.01995,0.41196,0.26753,-0.31849,0.7475,-0.058488,0.42309,0.20272,0.28238,0.65666,0.439,-0.015354,0.11685,0.36623,0.4727,0.52178,0.40071,0.47998,0.095707,0.4504,0.089058,-0.33105,-0.015829,0.33238,0.52436,-0.24492,0.59161,0.32227,0.27888,0.19402,0.50738,0.20817,0.61117,0.1679,0.49324,0.55805,0.29765,0.36173,-0.26297,0.55848,-0.16932,-0.18264,0.50444,-0.15286,0.32531,0.44513,0.48209,0.30801,0.30287,-0.078221,-0.057377,-0.073328,0.62617,-0.045504,0.58505,0.56491,0.5277,-0.050996,0.16113,-0.14925,-0.15811,0.19505,0.21107,-0.043023,-0.28944,0.10275,-0.24109,-0.62611,0.19304,-0.12602,0.2807,0.61337,0.63142,0.57843,0.59946,0.4395,0.59602,0.12221,-0.25629,0.1725,0.0096498,0.1389,0.35615,0.5622,0.65218
-0.24875,-0.052534,-0.21943,-0.21649,-0.3267,-0.41183,-0.24324,0.10741,-0.26235,-0.12839,-0.15139,-0.29728,-0.30994,1,-0.052656,-0.26163,-0.25256,-0.04355,-0.096997,-0.12611,0.13518,-0.34461,-0.27436,-0.17515,-0.31839,-0.067463,-0.12678,-0.11496,-0.3643,-0.2814,-0.31906,-0.10894,-0.072197,0.16178,0.016279,-0.09879,-0.21349,-0.18497,-0.026349,-0.19026,-0.32646,-0.00053877,-0.19253,-0.089634,0.21122,-0.24226,-0.37923,-0.4037,0.019347,-0.099384,0.090409,-0.34234,0.069183,-0.090827,0.29271,-0.14898,-0.13969,0.14455,-0.26126,-0.25685,-0.28667,0.16646,-0.43214,-0.10295,-0.30833,-0.10299,-0.12605,-0.32344,-0.22924,-0.16784,-0.14829,-0.16311,-0.15182,-0.14179,0.21482,-0.26701,-0.18446,-0.33836,-0.34581,-0.23018,-0.29391,-0.16735,0.17564,-0.34273,-0.29233,-0.28647,-0.10442,-0.0016539,-0.14874,-0.26984,-0.20728,-0.21941,-0.12683,-0.20339,-0.31404,-0.41303,-0.21443,-0.19708,0.078725,0.15325,-0.058524,-0.14698,-0.38352,-0.35711,-0.37823,-0.20527,-0.15732,0.20732,-0.34027,0.0076604,0.032514,-0.16329,-0.15762,-0.29481,-0.17251,0.2215,-0.23269,0.0035599,-0.26185,-0.2684,-0.31257,-0.18932,-0.23591,-0.30874,-0.056298,-0.16102,-0.057017,-0.11953,0.26388,-0.26215,-0.097031,-0.077538,-0.23375,-0.25949,0.17866,-0.43187,0.00059347,-0.22935,-0.13236,-0.23672,-0.33454,-0.14198,0.042879,-0.0591,-0.23552,-0.17437,-0.20968,-0.33319,-0.31346,-0.10273,-0.29307,-0.0072672,0.06865,0.057382,-0.22461,-0.24236,0.20457,-0.18834,-0.23901,-0.11251,-0.095632,-0.24063,-0.22753,-0.40696,-0.026994,-0.12955,-0.24093,-0.12245,-0.27439,0.036914,-0.36972,0.10491,-0.048187,-0.29809,0.089289,-0.1382,-0.28327,-0.31339,-0.16889,-0.1549,0.075404,0.14578,-0.12571,-0.27002,0.0069917,-0.27417,-0.26197,-0.33172,0.11621,-0.13775,-0.00043359,0.13596,-0.08254,-0.04223,0.0031654,0.10623,-0.068739,0.16395,0.38755,-0.15173,0.20267,-0.060027,-0.28555,-0.36353,-0.29487,-0.28513,-0.33,-0.31676,-0.090736,0.059804,-0.15405,-0.073461,-0.12453,-0.12075,-0.32146,-0.22072
0.17064,-0.34478,0.066901,0.12834,0.48095,-0.054986,0.36586,-0.2038,0.3613,0.014222,0.23458,0.31136,0.32097,-0.052656,1,0.33568,0.058194,-0.05934,-0.27379,-0.1223,-0.083997,0.4342,0.36918,0.23654,0.37921,-0.016832,-0.01168,-0.031376,0.20989,0.31123,0.11495,-0.056015,-0.2046,-0.052917,-0.13369,0.17543,0.32559,0.20767,0.34122,0.073831,0.43436,-0.16724,0.021236,0.13803,0.28971,-0.2372,0.40116,0.16135,-0.041926,0.36809,0.12904,0.33224,-0.40776,0.42358,-0.089922,0.1523,0.50114,-0.49742,0.40888,0.50154,0.38248,0.027759,0.042977,0.090822,0.33953,-0.0054634,-0.16285,0.39149,0.33822,-0.17433,-0.051512,-0.20997,-0.21611,0.033219,-0.060434,0.046846,0.041018,0.27138,-0.060342,0.12301,-0.072247,0.1161,-0.05888,0.12569,0.47786,0.38206,-0.0048003,0.037927,0.33971,0.23424,-0.012162,-0.11096,0.0997,0.030638,0.39572,0.18841,0.1027,0.053392,-0.14418,-0.51591,-0.021729,0.41611,0.25287,0.12839,0.28938,0.13085,0.3734,-0.25455,0.35461,-0.15738,0.089318,0.35733,-0.262,0.060039,0.019077,-0.065567,0.42701,0.20424,0.1589,0.43752,0.39365,0.08353,0.14104,0.16562,-0.22224,0.18565,0.11281,0.16795,-0.22777,0.062979,0.016334,-0.28883,0.18647,0.1404,-0.25015,0.18364,-0.22755,0.48738,-0.036975,-0.061512,0.34735,0.26826,-0.021149,0.1887,0.10875,0.42006,0.40813,0.24312,0.32064,-0.40681,0.28922,-0.15733,-0.22117,0.2015,-0.1027,-0.15454,-0.28165,0.43277,0.13357,-0.14382,0.2111,0.061612,0.010096,0.15719,0.3483,0.24458,0.31209,0.046967,0.1775,0.011669,-0.046732,0.228,-0.32771,0.40348,-0.15842,0.47214,0.20197,0.5291,0.20818,0.36967,0.25669,-0.097113,-0.39584,0.16602,0.1347,0.26492,0.42872,0.37235,0.075006,-0.034765,-0.4414,0.48834,0.2962,0.12481,0.21161,-0.084901,-0.10954,-0.0050823,-0.03408,-0.024628,-0.068409,0.33845,0.3615,0.40899,0.15337,0.12809,0.069209,0.13124,0.491,-0.25265,0.33426,0.18657,-0.18154,0.5333,0.083624,0.45567
0.2754,-0.0063478,0.14845,0.2705,0.41749,0.17335,0.34557,-0.19915,0.38665,0.21323,0.30704,0.41547,0.34881,-0.26163,0.33568,1,0.22731,0.19223,-0.081627,0.056089,0.047231,0.3506,0.41437,0.31435,0.35235,0.037058,0.055566,0.11123,0.32993,0.39524,0.22703,0.058976,0.050889,-0.020822,-0.11055,0.088623,0.1294,0.020882,0.21053,0.18674,0.32883,0.089581,0.3697,0.24166,-0.1676,0.054012,0.3858,0.27701,0.0021888,0.25916,0.015873,0.35864,-0.16231,0.25102,-0.10533,0.19346,0.25219,-0.2787,0.34697,0.34102,0.31167,-0.087237,0.26614,0.049878,0.36799,0.20049,0.13873,0.30455,0.24659,0.036592,0.025053,-0.074037,0.06865,0.15562,-0.20434,0.24148,0.18864,0.29718,0.27902,0.25844,0.11661,0.24359,-0.22238,0.28085,0.31499,0.33399,0.16453,0.023608,0.24311,0.24297,0.054262,0.057906,0.16801,0.075962,0.39756,0.37792,0.20742,-0.0050401,-0.055838,-0.18285,0.16603,0.17068,0.38737,0.30432,0.34694,0.29858,0.17033,-0.20736,0.32528,-0.023462,0.015679,0.28627,0.01649,0.054207,0.14919,-0.22554,0.37169,0.24579,0.26596,0.39978,0.29861,0.12308,0.26186,0.18294,-0.011941,0.15535,0.10682,0.11838,-0.15898,0.21037,0.056893,0.019272,0.26279,0.278,-0.21481,0.33427,-0.10966,0.38254,0.034314,0.047552,0.37311,0.23764,-0.11258,0.12512,0.16355,0.28084,0.30493,0.17721,0.44785,-0.036887,0.28245,-0.096928,-0.18443,0.040838,0.16305,0.13963,-0.31573,0.34458,0.19058,0.076292,0.14955,0.16373,0.19008,0.34228,0.189,0.20401,0.32169,0.030197,0.21686,0.011201,0.14709,0.098423,-0.10995,0.35965,-0.11203,0.28972,0.25517,0.38697,0.13639,0.18008,0.054637,-0.073487,-0.025387,0.19516,-0.14763,0.29614,0.28144,0.39607,-0.049849,0.10699,-0.16817,0.15923,0.16961,0.062458,0.18217,-0.081936,-0.024294,-0.12632,-0.22009,0.24747,-0.008426,0.21756,0.3683,0.3638,0.30676,0.21014,0.23329,0.16319,0.25369,-0.047866,0.25194,0.19593,-0.028425,0.29995,0.19473,0.30306
0.27782,0.094143,0.10401,0.076989,0.11764,0.058045,0.091342,-0.1752,0.31426,0.10439,0.4943,0.23807,0.11765,-0.25256,0.058194,0.22731,1,0.051583,-0.1231,0.073252,0.26168,0.10522,0.41273,-0.018816,0.061384,-0.13189,-0.045352,0.035883,0.40766,-0.028048,0.10176,0.078212,0.054428,0.092844,-0.015483,-0.086958,-0.001773,-0.11577,0.12988,0.1235,0.10354,0.19376,0.30073,0.15138,-0.053719,0.1254,0.22085,0.071299,0.080459,0.13418,-0.13753,0.10865,-0.13756,-0.01272,0.13107,0.19896,-0.044865,-0.057451,0.138,0.15075,-0.019968,-0.095141,0.025635,0.20392,0.077932,0.29539,0.016666,0.036817,0.080561,0.031055,0.11301,-0.1764,0.092597,0.034905,0.029337,0.17196,0.12628,0.10135,0.14296,0.1894,-0.031631,0.20002,-0.12525,0.1109,0.19637,-0.029454,0.055487,0.11083,0.058309,-0.02849,-0.076267,0.050136,0.073791,-0.014122,0.2831,0.12772,0.15505,-0.14165,0.036277,0.060285,0.13649,-0.0087879,0.24076,0.21089,0.059466,0.18334,0.047996,-0.051638,0.10836,0.056764,0.047311,0.26578,0.019007,-0.090703,0.17526,0.028714,0.22869,0.12385,0.11294,0.21123,0.1032,-0.050256,0.24268,0.015456,0.024525,-0.20914,0.13672,0.083755,0.06422,-0.035517,-0.022634,-0.086831,0.03404,0.11166,-0.10027,0.085558,-0.02038,0.0072525,0.04199,-0.19909,0.10095,0.10278,-0.052169,0.23376,0.05112,0.14199,0.18185,0.16394,0.20339,-0.035783,0.040672,-0.044229,-0.083968,-0.030886,0.072151,-0.011303,-0.38896,0.12847,0.07795,0.13859,-0.026681,-0.072824,0.1681,0.11241,0.1801,0.025486,0.065669,-0.0069395,0.091261,0.21857,-0.064066,0.017329,0.00060234,0.12955,-0.074508,0.025588,0.28855,0.18579,0.016928,0.10684,0.1341,-0.034217,0.13107,-0.0035366,-0.15641,0.11969,0.11943,0.15235,0.21461,0.1787,-0.049419,0.089086,0.019351,-0.0074512,0.17523,0.074939,-0.033022,-0.11108,-0.025961,0.017284,-0.090322,0.095016,0.1538,0.059928,0.044429,0.00058891,0.020203,0.050418,0.057178,0.085603,0.14343,0.24,-0.04461,0.1078,-0.17369,0.062907
-0.034041,0.18411,0.0040135,0.38726,0.027149,-0.096762,0.20901,-0.16727,0.16569,0.19975,0.025876,-0.034274,-0.089803,-0.04355,-0.05934,0.19223,0.051583,1,-0.066357,0.030056,0.028955,-0.020169,-0.027054,0.13451,0.0048923,0.11259,0.1461,0.090497,0.038032,0.19815,0.26948,-0.21106,0.16229,0.051596,-0.066612,-0.029162,0.048673,-0.14063,0.12169,0.03831,-0.049376,0.27353,0.13411,0.11499,-0.029967,-0.028215,-0.094975,-0.010684,-0.16309,0.17647,0.18533,0.017904,0.12317,-0.17411,0.080147,-0.0095564,-0.080169,0.0049595,-0.029619,-0.065307,-0.099233,0.11669,-0.019632,-0.12694,0.030369,-0.0046668,0.14352,-0.16012,0.19344,-0.049206,-0.090636,-0.0852,0.13463,0.062126,-0.056714,0.10888,0.072677,-0.0093467,0.050648,0.2427,-0.082457,-0.089325,-0.062255,-0.052704,-0.078182,-0.11854,-0.065682,-0.16982,-0.11679,-0.03749,-0.12482,-0.058203,-0.035739,-0.11188,0.025689,0.15103,-0.038813,-0.1037,0.04782,0.047807,0.13453,-0.082804,-0.10103,-0.10359,0.001944,0.34324,-0.06376,-0.046813,-0.042862,0.052843,-0.18522,0.13512,0.079193,-0.11026,0.33865,-0.13092,-0.18349,-0.075711,-0.069747,-0.09936,-0.051334,-0.084036,0.0084979,-0.024945,0.12995,-0.0046274,-0.041824,0.13373,0.082813,-0.060138,0.31535,0.14384,0.15058,0.36065,-0.0066847,-0.12808,-0.15863,0.038765,-0.029323,-0.050235,-0.045604,-0.2487,-0.041728,0.0057555,0.044022,-0.1831,-0.035982,-0.053616,0.1198,0.10728,0.064056,-0.016034,-0.084926,0.054713,0.021472,0.062735,-0.10155,-0.17566,0.17208,-0.12265,0.06491,-0.073457,0.10703,-0.078242,-0.15453,-0.29123,0.015868,0.015915,-0.01133,0.34205,-0.13026,0.29651,0.21179,0.11372,0.15394,-0.0043278,-0.12597,-0.13853,-0.12538,-0.084684,0.12177,-0.16659,0.041815,-0.1756,-0.1204,-0.06319,-0.23232,0.12306,-0.0015512,0.07027,0.086284,0.028779,0.015383,-0.0062941,0.059186,0.051076,0.12458,-0.057101,0.023642,0.1974,0.11811,-0.16638,-0.16572,-0.04004,-0.064321,-0.13712,0.26489,-0.10827,0.10173,0.3328,0.06723,0.066805,0.010059,-0.13035,-0.094382,-0.20636
0.026792,0.18895,0.10908,-0.14741,-0.053443,0.39524,-0.092061,0.11659,-0.15978,0.025554,-0.37003,0.098104,0.12127,-0.096997,-0.27379,-0.081627,-0.1231,-0.066357,1,0.14228,-0.15708,-0.083005,-0.087954,0.036258,0.028629,-0.11742,0.20167,0.05149,-0.014465,0.089654,-0.069207,0.35576,0.15116,-0.15072,0.12986,0.045722,-0.10758,0.017537,-0.25379,0.14951,-0.036658,-0.14548,-0.047155,-0.010505,-0.37925,0.33832,0.065057,0.24762,0.0030764,-0.2239,-0.083368,0.03248,0.12676,-0.086736,-0.30448,-0.11601,-0.241,0.13153,-0.063077,-0.11308,0.14496,-0.23949,0.3069,-0.0070806,0.10031,0.040931,0.27243,0.091261,-0.22635,0.40644,0.10089,0.28104,0.22504,0.02779,-0.1856,0.06783,0.13591,0.11432,0.32347,-0.081367,0.34945,0.0064034,-0.11115,0.28794,-0.18894,0.056272,0.093587,0.1381,0.14311,0.16717,0.16278,0.21909,0.16672,0.15334,-0.048944,0.21993,0.0392,0.26082,-0.028491,0.1805,0.078646,-0.079059,0.14593,0.20574,0.16837,-0.18773,-0.12541,0.0024011,0.079012,0.013455,-0.066245,-0.25244,0.26383,0.25099,-0.20046,-0.10659,-0.013773,0.035358,0.19409,-0.075563,0.11078,0.19974,0.13045,0.039235,0.19505,0.09307,-0.042032,-0.074917,-0.2026,0.25695,-0.060675,0.18596,-0.058408,-0.084793,0.056903,0.20856,0.21373,-0.11952,0.12524,0.13064,0.093294,0.022922,-0.11264,-0.11029,0.18122,-0.13628,-0.053526,-0.012346,-0.053169,0.3829,-0.11792,0.092129,0.054214,-0.15747,0.30324,0.39301,0.13746,-0.015884,-0.038331,0.25588,-0.071787,0.31962,0.062992,0.21534,-0.31158,0.12123,0.067061,0.16296,0.056071,-0.31494,0.37456,-0.33721,0.073673,-0.13115,-0.0067949,-0.20712,0.17726,-0.062197,0.063827,-0.20882,-0.38805,0.061903,0.2224,0.24358,-0.099566,0.18467,0.055958,-0.030143,-0.094418,0.012377,0.23134,-0.44495,-0.089221,0.0068764,-0.09455,-0.13087,0.1335,0.036992,-0.29044,0.065263,0.011635,0.011967,0.044934,0.11278,0.12678,0.27586,0.073483,0.21465,-0.32766,-0.17496,-0.1726,-0.26522,0.22309,-0.12483,0.1758,0.069228
0.14538,0.11066,0.077349,0.019575,0.010516,0.1526,0.0036937,0.096164,0.005526,0.14588,0.034402,0.10824,0.073078,-0.12611,-0.1223,0.056089,0.073252,0.030056,0.14228,1,0.0098704,-0.030569,0.075103,0.079067,-0.04504,-0.026838,0.11123,0.1107,0.15609,-0.054194,0.063815,0.10516,0.069144,0.0063871,-0.017219,0.067188,0.031461,-0.1494,-0.095173,0.085698,0.011191,0.092018,0.13573,0.1303,-0.26918,0.17202,0.064636,0.12037,0.014661,-0.1645,-0.09861,0.026408,0.050635,-0.13102,0.012584,0.06985,-0.13116,0.16731,-0.039716,-0.048018,0.015323,-0.038289,0.12253,0.017192,0.072332,0.13479,0.13529,0.034472,-0.047879,0.13295,0.20934,-0.013086,0.14776,0.035404,-0.036043,0.12208,0.079707,0.04454,0.21214,0.082521,0.14964,0.028952,-0.028158,0.1511,-0.04924,0.01278,0.19827,0.043769,-0.0024458,-0.014037,-0.053595,0.17724,0.061253,0.0071288,0.13207,0.14256,0.1239,0.088392,0.044197,0.17169,0.098005,-0.13115,0.10273,0.1219,0.046908,0.0719,-0.16517,-0.011191,0.095706,0.027838,-0.071907,0.027532,0.099003,0.049081,0.0080769,0.014268,0.033156,0.063612,0.05987,-0.0012968,-0.054729,0.066139,0.17081,0.0071649,0.18598,-0.0089281,0.06005,-0.079646,0.00013143,0.097691,0.0043195,0.16511,0.0029019,0.056666,-0.021022,0.10273,0.044253,-0.00043654,-0.018981,0.053662,0.048561,0.078368,0.045197,0.018006,0.064068,-0.034512,0.046734,0.094628,0.082426,0.16147,0.018385,0.042564,0.05245,-0.10566,0.11768,0.19578,0.15928,-0.04235,-0.0093024,0.19587,-0.091154,0.11946,0.07303,0.088157,-0.03929,0.017198,0.01871,-0.019367,0.060813,0.0015687,0.13975,-0.14768,0.093166,-0.045246,-0.037358,-0.077076,0.029364,0.031763,-0.022966,-0.071348,-0.12057,0.0098901,0.23006,0.10141,-0.13613,0.067389,-0.053829,0.022866,-0.073837,0.082391,0.18822,-0.14608,-0.053849,-0.02995,0.029087,0.088283,0.15315,-0.035829,-0.11147,0.12267,0.061154,0.015435,-0.032241,0.026507,0.15756,0.054614,0.012411,0.057897,-0.18273,0.019023,-0.059666,0.075799,0.097418,-0.021991,0.043066,0.033971
-0.086527,0.14728,-0.21635,-0.1465,-0.28123,-0.24721,-0.21438,0.11934,-0.052869,-0.067769,0.3685,0.075093,-0.21945,0.13518,-0.083997,0.047231,0.26168,0.028955,-0.15708,0.0098704,1,-0.43366,0.10226,-0.1421,-0.27591,-0.29554,0.11109,-0.073325,0.065823,-0.14092,-0.29421,-0.062909,-0.057457,0.2388,0.032249,-0.36819,-0.37555,-0.46072,-0.12516,0.15217,-0.39196,0.30301,0.40324,0.011772,-0.070081,-0.19781,-0.13773,-0.3906,0.0211,-0.15411,-0.063859,-0.38854,0.078639,-0.26694,0.50563,-0.11291,-0.40874,0.16636,-0.2858,-0.31442,-0.25512,0.13371,-0.40795,-0.057959,-0.28397,0.29394,-0.019761,-0.38873,-0.28595,0.055785,-0.0079258,-0.22234,0.05538,0.094035,0.30248,0.017087,-0.054844,-0.43528,-0.17406,-0.22774,-0.21044,0.059121,-0.050646,-0.18119,-0.11219,-0.42686,-0.007148,0.24569,-0.24043,-0.31721,-0.24639,-0.18144,-0.10835,-0.23789,-0.14146,-0.32972,-0.058227,-0.47851,0.11707,0.46415,0.40254,-0.25241,-0.2144,-0.15916,-0.4234,-0.10919,-0.15226,0.044188,-0.17531,0.09145,0.022796,-0.008588,-0.13217,-0.49809,-0.072659,0.34132,-0.17212,0.13217,-0.16065,-0.21686,-0.22686,-0.34271,0.062141,-0.38251,0.13493,-0.54326,0.071753,-0.19473,0.4596,-0.38545,-0.25355,0.19273,-0.30226,-0.27643,0.21892,-0.30559,0.17025,-0.33668,-0.078468,-0.3801,-0.29653,-0.18347,-0.14952,0.23893,-0.1025,-0.21514,-0.23875,-0.32456,-0.17403,0.03181,-0.40694,-0.31384,-0.042527,0.05253,-0.1278,-0.29006,-0.12785,-0.094784,-0.17024,0.034742,-0.10189,-0.34527,0.12063,-0.26239,-0.042128,-0.32316,-0.24917,-0.20299,-0.13421,0.1583,-0.3783,-0.00029385,-0.031404,-0.27515,0.026604,-0.31218,0.014638,-0.25635,-0.26381,-0.24385,0.11759,0.18132,0.17349,-0.30737,-0.13943,-0.18632,-0.26906,-0.31563,0.30277,-0.11793,-0.18041,0.070977,-0.093911,-0.17769,0.19527,0.1203,-0.080137,0.11115,0.39328,0.1346,0.17292,-0.047624,-0.25759,-0.34292,-0.24009,-0.26406,-0.37459,-0.41015,-0.26283,0.17938,-0.11337,0.07279,-0.035672,-0.080041,-0.40183,-0.24421
